words\files;Suspense;NonSuspense;Other;
ли;0.444444444444;0.0;0.0;
яблоко;0.444444444444;0.0;0.415578247447;
тишина;0.0;0.377073906486;0.0;
около;0.444444444444;0.0;0.0;
фельдшер;4.0;0.0;0.178104963192;
мокрый;0.444444444444;0.0;0.0593683210639;
пинцет;0.0;0.377073906486;0.0;
мертвец;0.0;0.377073906486;0.0;
сильвио;0.0;0.377073906486;0.0;
подумать;0.0;1.13122171946;0.118736642128;
камфара;0.444444444444;0.0;0.0;
ах;0.0;0.377073906486;0.0;
уж;0.0;0.377073906486;0.0;
торзионный;0.444444444444;0.0;0.0;
сладкий;1.33333333333;0.0;0.0593683210639;
барабан;0.444444444444;0.0;0.0;
рига;1.33333333333;1.50829562594;0.237473284256;
мещанин;0.0;0.754147812971;0.0;
гумно;0.0;0.754147812971;0.0593683210639;
ловко;0.0;0.377073906486;0.0;
операционный;0.0;0.377073906486;0.118736642128;
спрашивать;0.0;0.377073906486;0.178104963192;
ужас;0.888888888889;0.0;0.0;
успевать;1.77777777778;0.0;0.178104963192;
сосуд;0.888888888889;0.0;0.118736642128;
капля;0.0;0.377073906486;0.0;
прострелить;0.0;0.377073906486;0.0;
николаевна;0.444444444444;0.0;0.0593683210639;
оставаться;0.444444444444;0.0;0.0;
нос;0.0;1.50829562594;0.0;
солома;0.0;0.377073906486;0.0;
низкий;0.0;1.88536953243;0.0;
помещик;0.0;0.377073906486;0.0;
вставать;0.0;0.377073906486;0.0;
солнечный;0.0;0.377073906486;0.0;
начинаться;0.0;0.377073906486;0.0593683210639;
низко;0.0;0.377073906486;0.0;
наступать;0.0;0.377073906486;0.0;
охотник;0.444444444444;0.0;0.356209926383;
сумерки;0.0;0.377073906486;0.0;
ну;0.0;0.377073906486;0.118736642128;
зверь;0.0;0.377073906486;0.0593683210639;
лениво;0.444444444444;0.0;0.415578247447;
облако;0.444444444444;0.0;0.0;
замелькать;0.888888888889;0.0;0.0;
сон;1.77777777778;0.754147812971;0.178104963192;
туча;2.66666666667;0.0;1.30610306341;
шум;0.444444444444;0.0;0.0;
самовар;0.444444444444;0.0;0.0;
деревня;0.444444444444;0.0;0.0;
ясный;0.0;0.377073906486;0.0;
медленно;0.0;0.377073906486;0.0;
густой;0.444444444444;0.0;0.0;
если;0.0;0.377073906486;0.0;
секретарь;0.888888888889;0.0;0.118736642128;
петрович;0.0;0.377073906486;0.0;
бедро;0.444444444444;0.0;0.0;
удивительно;2.66666666667;0.754147812971;0.653051531703;
неужели;0.0;0.377073906486;0.0;
повеса;0.0;0.377073906486;0.0;
змея;0.0;0.377073906486;0.0593683210639;
биться;0.0;0.377073906486;0.0;
остаток;0.0;0.377073906486;0.0593683210639;
лишь;0.0;0.377073906486;0.178104963192;
приближиваться;0.0;0.377073906486;0.0;
об;0.444444444444;0.0;0.0;
товарищ;0.0;0.377073906486;0.0;
отчаянно;0.0;0.377073906486;0.0593683210639;
шов;0.444444444444;0.0;0.0;
приятель;0.0;0.377073906486;0.0;
заметный;0.444444444444;0.377073906486;0.0;
причем;0.888888888889;0.0;0.0593683210639;
гигантский;0.0;0.377073906486;0.0;
сдавливать;0.0;0.377073906486;0.0593683210639;
схватывать;0.0;0.377073906486;0.0;
губа;0.0;0.377073906486;0.0;
ни;0.888888888889;0.0;0.0;
оглушать;0.444444444444;0.0;0.0;
прохоров;0.444444444444;1.13122171946;0.474946568511;
торчать;0.0;0.377073906486;0.0593683210639;
машинистка;0.0;0.754147812971;0.118736642128;
выдавать;0.444444444444;0.0;0.296841605319;
смысл;0.0;0.377073906486;0.0;
артериа;0.444444444444;0.754147812971;0.237473284256;
упасть;0.0;0.754147812971;0.415578247447;
ужасный;0.444444444444;0.0;0.0593683210639;
язык;0.0;0.377073906486;0.0593683210639;
указывать;0.0;0.377073906486;0.0;
москва;0.0;0.377073906486;0.0;
треть;0.0;0.754147812971;0.178104963192;
лукич;0.444444444444;0.0;0.237473284256;
благополучно;0.0;0.377073906486;0.474946568511;
молчать;0.444444444444;0.0;0.118736642128;
затем;0.444444444444;0.0;0.415578247447;
пойти;0.444444444444;1.13122171946;1.12799810021;
безумный;0.0;1.13122171946;0.0593683210639;
деревенский;0.0;0.377073906486;0.0;
путь;0.888888888889;0.0;0.0;
редкость;0.0;0.377073906486;0.0;
важно;0.444444444444;0.0;0.0;
кровать;0.0;0.377073906486;0.0593683210639;
богатый;0.444444444444;0.0;0.0;
урождаться;0.0;0.377073906486;0.0;
крепкий;0.0;0.377073906486;0.296841605319;
рама;0.0;0.377073906486;0.0;
общий;0.444444444444;0.377073906486;0.0;
овраг;0.444444444444;0.377073906486;0.237473284256;
убор;0.0;0.377073906486;0.0;
оковывать;0.888888888889;0.0;0.118736642128;
грустно;0.0;0.377073906486;0.0;
оно;0.0;0.377073906486;0.118736642128;
прочный;0.888888888889;0.0;0.356209926383;
стая;0.444444444444;0.0;0.0;
зелень;0.444444444444;0.0;0.0593683210639;
здоровый;0.888888888889;0.377073906486;0.712419852767;
вокруг;0.444444444444;0.754147812971;0.0593683210639;
выселок;0.444444444444;0.0;0.296841605319;
спешить;0.444444444444;0.0;0.0;
сосед;0.444444444444;0.0;0.0;
заживаться;0.444444444444;0.377073906486;0.0;
заря;0.0;0.377073906486;0.0;
подавальщик;2.66666666667;0.754147812971;1.72168131085;
дружный;0.888888888889;0.377073906486;0.296841605319;
кирпичный;0.0;0.377073906486;0.356209926383;
толпиться;1.33333333333;0.754147812971;0.237473284256;
про;16.0;6.03318250377;15.5545001187;
дуть;0.0;0.754147812971;0.0;
сухой;0.0;0.377073906486;0.0593683210639;
пестрый;0.0;0.377073906486;0.0593683210639;
ехать;0.0;0.377073906486;0.0;
погасать;0.0;0.377073906486;0.0;
молодой;0.0;0.377073906486;0.0;
новый;0.0;0.377073906486;0.0593683210639;
мягкий;3.55555555556;0.0;1.12799810021;
лай;0.444444444444;0.377073906486;0.118736642128;
мрачный;0.444444444444;0.0;0.0;
молельный;0.444444444444;0.0;0.0;
навстречу;0.0;0.377073906486;0.0;
мечта;0.888888888889;0.0;0.0593683210639;
накинуть;3.11111111111;0.0;1.54357634766;
флигель;0.444444444444;0.0;0.237473284256;
необыкновенно;0.0;0.377073906486;0.0;
мужик;0.0;0.377073906486;0.237473284256;
шаровары;0.444444444444;0.0;0.0;
блестеть;0.444444444444;0.0;0.237473284256;
здравый;0.0;0.377073906486;0.0593683210639;
подкашиваться;0.0;0.377073906486;0.0;
лохмы;0.0;0.754147812971;0.118736642128;
батюшка;0.444444444444;0.377073906486;0.178104963192;
подводный;0.888888888889;0.0;0.0593683210639;
небритый;0.0;0.377073906486;0.178104963192;
час;0.0;0.377073906486;0.0;
воздерживаться;0.444444444444;0.0;0.0593683210639;
лопнуть;0.0;0.377073906486;0.118736642128;
локоть;0.0;1.50829562594;0.118736642128;
гнев;0.0;0.377073906486;0.178104963192;
звено;6.66666666667;6.03318250377;3.6214675849;
подхлестывать;0.0;0.754147812971;0.0;
заупрямиться;0.0;2.6395173454;0.0;
поехать;0.444444444444;0.377073906486;0.0593683210639;
вор;0.0;0.377073906486;0.0;
пожаловать;0.888888888889;1.50829562594;1.00926145809;
затрещать;0.0;0.377073906486;0.0;
сбросить;0.0;0.377073906486;0.0;
пробивать;0.444444444444;0.0;0.0;
спазм;0.0;0.754147812971;0.0;
позвать;0.444444444444;0.0;0.0;
самостоятельность;0.444444444444;0.377073906486;1.06862977915;
стискивать;0.888888888889;0.0;0.237473284256;
стеклянный;0.888888888889;0.0;0.949893137022;
безжизненно;0.888888888889;0.754147812971;1.12799810021;
пестик;0.888888888889;0.0;0.593683210639;
немножко;0.0;0.377073906486;0.415578247447;
стыдиться;0.444444444444;0.754147812971;0.118736642128;
ступня;0.0;1.13122171946;0.118736642128;
домой;0.444444444444;0.0;0.0;
ступать;0.0;0.377073906486;0.0;
власть;0.0;0.377073906486;0.0;
пилить;0.0;0.377073906486;0.237473284256;
царапина;0.888888888889;0.0;0.237473284256;
извинять;0.0;0.377073906486;0.0;
иметься;0.444444444444;0.0;0.0593683210639;
мясник;0.0;0.377073906486;0.0;
просека;0.444444444444;0.0;0.118736642128;
изорвать;1.33333333333;1.50829562594;0.356209926383;
известие;0.444444444444;0.0;0.0;
сток;0.444444444444;0.0;0.0593683210639;
лоб;2.66666666667;2.26244343891;1.42483970553;
зиять;0.0;0.377073906486;0.356209926383;
подавать;0.0;0.377073906486;0.0;
повертываться;0.0;0.377073906486;0.237473284256;
страшно;0.0;0.754147812971;0.237473284256;
целить;0.444444444444;0.0;0.0;
страх;0.0;1.13122171946;0.415578247447;
значить;0.0;0.377073906486;0.0;
порядочно;0.444444444444;0.0;0.0;
шест;0.0;0.754147812971;0.0;
приближаться;0.0;0.377073906486;0.0;
мелкозубый;0.444444444444;0.0;0.118736642128;
посинеть;0.444444444444;0.0;0.0593683210639;
слеза;0.0;0.754147812971;0.474946568511;
зажимать;0.444444444444;0.377073906486;0.0;
приводить;0.888888888889;0.0;0.0;
жалеть;0.0;0.377073906486;0.0593683210639;
смиренно;0.0;0.377073906486;0.118736642128;
смеяться;0.888888888889;0.0;0.474946568511;
насилие;0.0;0.377073906486;0.0;
попросить;0.444444444444;0.0;0.0;
заляпывать;0.444444444444;0.0;0.356209926383;
менее;0.444444444444;0.0;0.0;
приглашение;0.444444444444;0.0;0.0;
наружу;0.0;0.377073906486;0.0593683210639;
православный;0.888888888889;1.50829562594;0.415578247447;
живучий;0.444444444444;0.0;0.0;
превышать;0.0;0.377073906486;0.0;
медлить;0.444444444444;0.0;0.0;
высасывать;0.444444444444;0.0;0.0;
потерпеть;1.77777777778;2.26244343891;2.79031109;
заглядывать;0.0;0.377073906486;0.0;
шанс;0.888888888889;0.0;0.178104963192;
препятствие;0.0;0.377073906486;0.0593683210639;
шар;0.0;0.377073906486;0.118736642128;
заверять;0.0;0.377073906486;0.178104963192;
заметаться;0.0;0.377073906486;0.0;
честный;0.444444444444;0.0;0.0593683210639;
честь;0.444444444444;0.0;0.118736642128;
присутствие;0.0;0.377073906486;0.118736642128;
четверть;2.22222222222;2.26244343891;2.55283780575;
полный;0.444444444444;0.754147812971;0.178104963192;
запыхаться;4.0;4.90196078431;3.79957254809;
натыкать;0.0;1.13122171946;0.593683210639;
бал;0.444444444444;0.377073906486;0.178104963192;
сосновый;0.0;0.377073906486;0.0;
беззвучный;0.444444444444;0.0;0.0;
восклицание;0.0;0.377073906486;0.118736642128;
светлеть;0.0;0.377073906486;0.296841605319;
баня;0.444444444444;0.0;0.118736642128;
глубоко;0.0;1.13122171946;0.415578247447;
застилать;0.0;0.377073906486;0.118736642128;
покривиться;0.0;0.377073906486;0.0;
шляпа;0.444444444444;0.0;0.0;
полоснуть;0.444444444444;0.0;0.0;
впрыскивать;0.444444444444;0.754147812971;0.0593683210639;
заострять;0.444444444444;0.377073906486;1.12799810021;
себе;0.444444444444;0.0;0.0;
помогать;2.66666666667;0.754147812971;0.593683210639;
марлевый;0.0;0.754147812971;0.0;
приказание;3.11111111111;0.754147812971;4.57136072192;
враждебный;0.0;0.377073906486;0.0;
припоминать;0.888888888889;0.0;0.178104963192;
принуждать;0.0;0.377073906486;0.0;
померкнуть;0.0;0.377073906486;0.0;
кончаться;0.0;0.377073906486;0.0;
билет;0.888888888889;0.0;0.178104963192;
раствор;0.0;0.377073906486;0.0;
бугор;0.0;0.377073906486;0.0;
оживать;0.0;0.377073906486;0.0;
ожидание;0.0;0.377073906486;0.0;
рассыпаться;0.444444444444;0.0;0.0;
угадывать;0.0;1.13122171946;0.0593683210639;
ожидаться;0.0;0.754147812971;0.118736642128;
уверенность;0.0;0.377073906486;0.0;
юрко;0.888888888889;0.377073906486;0.118736642128;
удерживаться;0.444444444444;0.0;0.0;
муж;0.444444444444;0.754147812971;0.296841605319;
трогать;0.0;0.377073906486;0.118736642128;
ослепительный;0.444444444444;0.377073906486;0.474946568511;
треугольный;1.33333333333;0.0;0.237473284256;
третий;0.444444444444;0.0;0.0;
кликнуть;0.444444444444;0.0;0.0;
клеенка;0.888888888889;0.0;0.0;
резкость;0.0;0.377073906486;0.0;
освещать;0.444444444444;1.13122171946;1.30610306341;
опасность;0.444444444444;0.0;0.0;
колпак;0.444444444444;0.0;0.0;
опрокидывать;0.0;0.377073906486;0.0;
труп;0.0;0.377073906486;0.0;
нумер;0.888888888889;0.0;0.0;
разный;0.888888888889;0.377073906486;1.36547138447;
боковой;0.0;1.50829562594;0.0;
движение;0.888888888889;0.0;0.0593683210639;
край;0.0;0.377073906486;0.0;
момент;0.444444444444;0.0;0.0;
умолять;0.0;0.377073906486;0.0;
ус;0.0;0.377073906486;0.0;
близкий;0.444444444444;0.0;0.118736642128;
дама;0.444444444444;0.0;0.0;
разряжать;2.22222222222;4.14781297134;1.66231298979;
разрываться;0.0;0.377073906486;0.0593683210639;
услуга;0.0;0.377073906486;0.178104963192;
кровить;0.0;0.754147812971;0.178104963192;
давление;0.444444444444;0.0;0.118736642128;
кровавый;0.444444444444;0.0;0.0593683210639;
обижать;0.0;0.377073906486;0.0593683210639;
боль;0.0;2.26244343891;0.534314889575;
однажды;0.888888888889;0.0;0.0;
косточка;0.444444444444;0.0;0.0593683210639;
учреждение;0.0;0.377073906486;0.0;
обвести;0.0;0.754147812971;0.0;
раздавливать;0.444444444444;1.50829562594;2.55283780575;
мозг;0.888888888889;1.50829562594;2.96841605319;
разглядеть;0.888888888889;0.0;0.0;
одерживать;1.33333333333;2.6395173454;1.60294466872;
удивленный;0.0;0.377073906486;0.0;
девичий;0.0;0.377073906486;0.0;
ботфорт;1.33333333333;0.377073906486;0.77178817383;
куда;0.0;0.377073906486;0.0;
кочерыжка;0.0;0.754147812971;0.237473284256;
уметь;0.0;0.377073906486;0.0593683210639;
умертвлять;0.0;0.377073906486;0.0593683210639;
объявлять;0.0;1.50829562594;0.0;
двинуться;0.0;0.377073906486;0.0;
благопристойный;0.0;0.377073906486;0.237473284256;
объятие;0.0;0.377073906486;0.118736642128;
укус;0.888888888889;0.754147812971;0.296841605319;
укорачивать;0.0;0.377073906486;0.0;
неудержимо;0.0;0.377073906486;0.0;
холстина;0.0;0.377073906486;0.237473284256;
карман;0.0;0.377073906486;1.36547138447;
тиски;0.0;0.377073906486;0.0;
истина;0.444444444444;0.0;0.0;
догадываться;0.0;0.377073906486;0.0;
велеть;0.0;0.377073906486;0.0;
левый;0.444444444444;1.13122171946;1.00926145809;
испытывать;0.0;0.377073906486;0.0593683210639;
театр;0.444444444444;0.0;0.0593683210639;
хлоп;0.444444444444;0.0;0.178104963192;
отмеривать;0.0;0.377073906486;0.0;
лестница;3.11111111111;0.0;0.474946568511;
непредвиденный;1.33333333333;0.0;0.415578247447;
очутиться;0.0;0.377073906486;0.0;
ох;0.0;0.377073906486;0.0;
многие;0.0;0.377073906486;0.0;
отталкивать;0.444444444444;0.0;0.415578247447;
гост;2.66666666667;0.0;1.00926145809;
мышца;0.444444444444;0.0;0.0;
палец;0.444444444444;0.0;0.0;
итого;0.444444444444;0.0;0.0593683210639;
камин;0.0;0.377073906486;0.237473284256;
нести;0.0;0.377073906486;0.0;
отлично;0.444444444444;0.0;0.118736642128;
твой;0.0;0.377073906486;0.118736642128;
десять;0.0;0.754147812971;0.0593683210639;
отзываться;0.0;0.377073906486;0.0;
отец;0.444444444444;0.0;0.534314889575;
протез;0.0;0.754147812971;0.0;
кинуть;0.888888888889;0.0;0.474946568511;
необычный;0.0;1.13122171946;0.0593683210639;
отдавать;0.0;0.377073906486;0.0593683210639;
фуражка;0.0;0.377073906486;0.0593683210639;
отворять;0.0;1.50829562594;0.118736642128;
росинка;0.0;0.377073906486;0.0;
инструмент;0.0;1.13122171946;0.237473284256;
взвизгивать;1.33333333333;1.50829562594;1.30610306341;
никакой;1.33333333333;0.377073906486;2.1372595583;
исполнение;0.444444444444;0.0;0.0;
искра;0.444444444444;0.754147812971;1.4842080266;
никитский;0.444444444444;0.0;0.0;
счастливый;0.444444444444;1.13122171946;0.356209926383;
считать;0.0;0.377073906486;0.0593683210639;
представляться;0.444444444444;0.0;0.890524815958;
наборный;0.444444444444;0.0;0.237473284256;
дневный;2.22222222222;1.13122171946;2.1372595583;
пролетать;0.0;0.377073906486;0.296841605319;
проказа;0.444444444444;0.377073906486;0.178104963192;
привязывать;0.444444444444;0.754147812971;0.77178817383;
молотилка;0.0;0.754147812971;0.178104963192;
дворня;0.444444444444;0.0;0.178104963192;
жеребец;0.444444444444;0.0;0.0;
жадно;0.0;0.377073906486;0.118736642128;
прежний;0.444444444444;2.26244343891;0.356209926383;
молотить;0.0;0.377073906486;0.0;
меж;0.0;0.377073906486;0.0593683210639;
прибавлять;0.0;0.754147812971;0.0;
медный;0.0;0.754147812971;0.0;
железо;0.444444444444;0.0;0.0;
пропахнуть;0.0;1.88536953243;0.0;
пропадать;3.11111111111;0.377073906486;0.474946568511;
дон;0.0;0.377073906486;0.0593683210639;
жидкий;0.0;0.377073906486;0.0;
долина;0.0;0.377073906486;0.0;
музыкальный;0.444444444444;0.0;0.0593683210639;
множество;0.0;0.377073906486;0.0;
надолго;1.33333333333;0.377073906486;0.77178817383;
пустынный;0.0;0.377073906486;0.178104963192;
приходить;0.0;0.377073906486;0.0593683210639;
дубрава;0.444444444444;0.377073906486;1.54357634766;
дуло;0.888888888889;0.0;0.237473284256;
есть;0.0;4.14781297134;1.78104963192;
думаться;0.0;0.377073906486;0.356209926383;
древний;0.0;0.754147812971;0.118736642128;
наддавать;0.0;1.13122171946;0.593683210639;
древесный;0.888888888889;1.88536953243;0.296841605319;
проволока;0.0;0.377073906486;0.237473284256;
работник;0.0;0.377073906486;0.593683210639;
делаться;0.444444444444;0.0;0.0;
может;0.444444444444;0.0;0.0;
проба;0.0;0.377073906486;0.0;
дрозд;0.444444444444;0.0;0.178104963192;
мечтательный;0.0;0.377073906486;0.0593683210639;
деревянный;0.0;0.377073906486;0.0;
пылать;2.66666666667;0.0;1.30610306341;
дрон;0.0;0.377073906486;0.0;
пышно;0.888888888889;0.377073906486;0.0;
могиканин;0.888888888889;0.0;0.534314889575;
делиться;0.0;0.377073906486;0.0;
равнина;0.0;0.377073906486;0.0;
приказывать;0.444444444444;2.26244343891;1.06862977915;
призрение;0.444444444444;0.377073906486;1.66231298979;
мерин;0.0;0.377073906486;0.0;
навозный;2.66666666667;2.26244343891;2.19662787936;
прозрачный;0.0;0.377073906486;0.0;
прозябнуть;0.888888888889;0.0;0.534314889575;
мол;0.444444444444;0.0;0.178104963192;
мороз;0.0;0.377073906486;0.0593683210639;
развертывать;0.444444444444;1.88536953243;0.0593683210639;
приниматься;0.0;0.377073906486;0.237473284256;
дедовский;0.0;2.26244343891;0.534314889575;
разбирать;0.444444444444;0.0;0.178104963192;
нагонять;0.0;0.377073906486;0.237473284256;
прятать;0.888888888889;4.90196078431;1.06862977915;
дикарский;0.0;0.377073906486;0.0;
приказ;0.0;0.377073906486;0.0;
крупно;0.444444444444;0.0;0.356209926383;
отрадно;0.0;0.377073906486;0.0;
отражаться;0.0;0.377073906486;0.0;
оттого;0.444444444444;0.754147812971;0.356209926383;
лепить;0.444444444444;0.0;0.118736642128;
непрерывно;0.444444444444;0.0;0.0;
кланяться;0.0;0.377073906486;0.0593683210639;
лампада;0.0;0.377073906486;0.0;
нечего;0.444444444444;0.0;0.0;
квохтанье;0.444444444444;0.0;0.0593683210639;
основательно;0.0;0.377073906486;0.0;
падать;0.0;0.377073906486;0.118736642128;
липовый;0.0;0.377073906486;0.0;
даль;0.0;0.377073906486;0.0593683210639;
пересыпаться;0.444444444444;0.377073906486;0.118736642128;
переходить;0.444444444444;0.0;0.118736642128;
перина;0.0;0.377073906486;0.0;
перламутровый;0.0;0.377073906486;0.0;
перо;1.33333333333;1.50829562594;0.949893137022;
персидский;0.888888888889;1.13122171946;1.4842080266;
печально;0.0;0.754147812971;0.0;
издавать;0.0;0.377073906486;0.0;
перемирать;0.444444444444;0.377073906486;0.0;
индюшка;0.0;0.377073906486;0.0;
липа;0.0;0.377073906486;0.0;
пепельный;0.0;0.377073906486;0.0;
ливень;2.22222222222;0.754147812971;1.54357634766;
исчезать;0.0;0.377073906486;0.0;
истрепанный;0.444444444444;0.0;0.0;
пасмурный;0.0;0.377073906486;0.0;
лилейный;0.0;0.754147812971;0.0;
лилия;0.444444444444;0.754147812971;0.356209926383;
перевод;0.0;0.377073906486;0.237473284256;
перегнивать;0.444444444444;0.0;0.0593683210639;
передавать;0.444444444444;0.0;0.0;
передний;0.0;1.88536953243;0.296841605319;
обеднеть;0.444444444444;0.377073906486;0.237473284256;
овин;0.444444444444;0.0;0.0;
овчарка;0.444444444444;0.0;0.0;
обветренный;0.0;0.377073906486;0.0;
кулеш;5.77777777778;1.50829562594;4.74946568511;
косить;0.0;0.377073906486;0.0593683210639;
корточки;0.444444444444;0.0;0.237473284256;
общественный;3.55555555556;1.50829562594;1.78104963192;
обладатель;0.444444444444;0.754147812971;0.237473284256;
облачаться;0.444444444444;0.0;0.0593683210639;
круг;0.0;0.377073906486;0.0;
обнимать;0.0;0.377073906486;0.0;
обедняться;0.0;1.13122171946;1.95915459511;
крылышко;0.0;0.377073906486;0.296841605319;
обзаводиться;0.0;0.754147812971;0.534314889575;
обруч;4.44444444444;4.52488687783;3.26525765851;
краска;0.0;0.377073906486;0.118736642128;
кнут;0.444444444444;0.0;0.0;
колонна;0.444444444444;0.0;0.0;
орден;0.444444444444;0.0;0.0;
осаживать;0.444444444444;0.0;0.653051531703;
носилки;4.0;2.26244343891;2.55283780575;
кожаный;0.888888888889;0.377073906486;0.474946568511;
осень;0.0;0.377073906486;0.237473284256;
оскаливать;0.0;0.377073906486;0.0;
ослепительно;0.444444444444;0.377073906486;0.118736642128;
кобчик;0.0;0.377073906486;0.0;
кухарка;1.33333333333;0.754147812971;0.356209926383;
ножка;2.22222222222;0.377073906486;0.593683210639;
конечно;0.444444444444;0.0;0.0593683210639;
коралловый;0.0;0.377073906486;0.0;
коридор;0.0;0.377073906486;0.356209926383;
однотонный;0.0;0.377073906486;0.0;
конопляник;0.444444444444;0.0;0.0;
озябнуть;0.0;0.377073906486;0.0;
копыто;1.33333333333;0.754147812971;0.653051531703;
окрашивать;0.444444444444;0.0;0.0;
некоторый;0.0;0.377073906486;0.0;
наперерез;2.22222222222;2.26244343891;1.66231298979;
порточки;0.444444444444;0.0;0.0;
заметка;0.0;0.377073906486;0.0;
поп;0.444444444444;0.0;0.0;
матерый;1.33333333333;2.6395173454;1.06862977915;
замасливаться;0.0;0.754147812971;0.0;
заманчивый;0.444444444444;0.0;0.0593683210639;
нарушать;0.0;0.377073906486;0.118736642128;
заливать;0.0;0.377073906486;0.0;
зал;0.0;0.377073906486;0.0;
поредеть;0.444444444444;0.0;0.0593683210639;
закрываться;4.44444444444;4.14781297134;6.05556874852;
наткнуться;0.0;0.377073906486;0.0;
полушарие;0.444444444444;0.0;0.0;
полушубок;0.444444444444;0.0;0.0593683210639;
помчаться;0.444444444444;0.754147812971;0.178104963192;
заныть;0.444444444444;0.0;0.0;
право;0.0;0.377073906486;0.0;
превращаться;0.444444444444;0.0;0.0;
потопать;0.444444444444;0.0;0.0;
посуда;0.0;0.377073906486;0.0;
напряжение;0.0;0.754147812971;0.0;
заезжать;0.0;0.377073906486;0.0593683210639;
посреди;0.444444444444;0.0;0.0593683210639;
постромка;0.0;1.13122171946;0.0593683210639;
полусапожки;0.444444444444;0.0;0.0;
невозможно;0.0;0.377073906486;0.0;
ложиться;0.0;0.377073906486;0.0;
лохматый;0.444444444444;0.0;0.0;
невысокий;0.0;0.377073906486;0.0;
здорово;0.888888888889;0.0;0.356209926383;
лук;0.444444444444;0.0;0.0;
звук;0.0;0.377073906486;0.178104963192;
звонкий;0.0;0.377073906486;0.0;
золотистый;0.0;0.377073906486;0.237473284256;
плесень;0.0;0.377073906486;0.0593683210639;
плодовитка;0.0;0.377073906486;0.0;
игнат;0.444444444444;0.0;0.0;
пляска;0.0;0.377073906486;0.0;
побродить;0.0;0.377073906486;0.0;
повар;0.0;0.754147812971;0.0;
значит;0.0;1.13122171946;0.0;
повизгивать;0.444444444444;0.0;0.0;
злощастный;0.0;0.377073906486;0.178104963192;
незнакомый;0.888888888889;0.0;0.0;
звенеть;0.0;0.377073906486;0.831156494894;
полураскрытый;0.0;0.754147812971;0.178104963192;
полдень;0.0;0.377073906486;0.0;
нахохливать;0.0;0.377073906486;0.0;
малиновый;0.0;0.377073906486;0.0;
полонез;0.444444444444;0.0;0.0;
полоска;0.0;0.377073906486;0.0;
полуидиот;0.444444444444;0.0;0.0593683210639;
покупатель;0.0;1.50829562594;0.296841605319;
подтягиваться;0.444444444444;0.377073906486;0.0593683210639;
позеленеть;0.0;0.377073906486;0.0;
покашливание;0.0;0.377073906486;0.0;
ящик;0.444444444444;0.0;0.0;
витой;0.444444444444;0.0;0.0;
север;0.0;0.754147812971;0.118736642128;
стрясать;1.33333333333;0.0;0.0;
виновато;0.0;0.377073906486;0.0;
сумрачный;0.0;0.377073906486;0.0;
веять;0.444444444444;0.0;0.237473284256;
сюртук;0.0;0.377073906486;0.0;
струна;0.444444444444;0.0;0.0;
водка;0.0;0.377073906486;0.0;
старосветский;0.0;0.377073906486;0.0;
степенный;0.444444444444;0.0;0.0;
сто;0.0;0.377073906486;0.0;
строить;0.888888888889;0.0;0.712419852767;
вода;0.444444444444;0.0;0.0;
тайна;0.0;0.377073906486;0.0;
таков;0.444444444444;0.0;0.0;
томный;0.0;0.377073906486;0.0;
торговать;0.444444444444;0.0;0.0;
точка;0.444444444444;0.0;0.118736642128;
верхний;0.444444444444;0.0;0.0;
верховой;0.444444444444;0.377073906486;0.178104963192;
темно;0.0;0.377073906486;0.118736642128;
темный;0.0;0.377073906486;0.0;
терять;0.0;0.377073906486;0.0593683210639;
тесть;0.444444444444;0.0;0.0;
величина;0.0;1.13122171946;0.0593683210639;
великолепный;0.444444444444;0.377073906486;0.118736642128;
типография;0.0;0.377073906486;0.0;
тихо;0.444444444444;0.0;0.118736642128;
старновка;0.0;0.377073906486;0.296841605319;
возить;0.444444444444;0.0;0.0;
ситник;1.33333333333;0.0;0.296841605319;
сиять;0.0;0.377073906486;0.0;
скала;0.0;0.754147812971;0.118736642128;
скачка;0.444444444444;0.0;0.0;
вырисовываться;0.0;0.377073906486;0.0593683210639;
склон;0.444444444444;0.754147812971;0.178104963192;
скользить;0.0;0.754147812971;0.0;
выплывать;0.444444444444;1.13122171946;0.178104963192;
вынести;0.0;0.377073906486;0.0;
скучно;0.0;0.754147812971;0.0593683210639;
славный;0.0;0.754147812971;0.356209926383;
сени;0.0;0.377073906486;0.0;
седло;0.0;1.50829562594;0.118736642128;
село;0.444444444444;0.0;0.0;
семья;0.444444444444;0.0;0.0593683210639;
сентябрь;0.444444444444;0.0;0.118736642128;
галка;0.0;0.377073906486;0.0;
сердечный;0.444444444444;0.0;0.118736642128;
сечка;0.0;0.377073906486;0.0;
слепой;0.888888888889;0.0;0.356209926383;
сохраняться;0.444444444444;0.0;0.0;
соловей;0.444444444444;0.0;0.237473284256;
сотовый;3.55555555556;0.377073906486;1.30610306341;
вполне;0.0;0.377073906486;0.178104963192;
способность;0.444444444444;0.0;0.237473284256;
вольтер;0.0;0.377073906486;0.0;
волновать;0.0;0.377073906486;0.118736642128;
средний;0.0;1.50829562594;0.237473284256;
выжигать;0.444444444444;0.377073906486;0.118736642128;
выделяться;0.0;0.377073906486;0.415578247447;
выглядывать;0.444444444444;0.0;0.296841605319;
слышно;0.0;0.377073906486;0.0;
снисходительный;0.444444444444;2.26244343891;1.18736642128;
собирать;0.0;0.377073906486;0.0;
тревожный;3.11111111111;8.29562594268;5.52125385894;
трепать;0.0;0.377073906486;0.118736642128;
бегать;0.444444444444;0.0;0.237473284256;
чахоточный;0.444444444444;0.0;0.118736642128;
черно;0.0;0.377073906486;0.0593683210639;
хотя;0.444444444444;0.0;0.0593683210639;
алексис;0.888888888889;1.50829562594;1.66231298979;
шумно;0.888888888889;0.754147812971;1.06862977915;
шурин;0.444444444444;0.0;0.0593683210639;
шустрый;1.33333333333;0.754147812971;0.296841605319;
эразм;0.0;0.377073906486;0.0;
яблоня;0.0;0.377073906486;0.0;
ядреный;0.0;1.88536953243;0.296841605319;
ястребок;0.444444444444;0.0;0.0;
альманах;0.444444444444;0.0;0.0593683210639;
широкоплечий;0.444444444444;0.0;0.0;
шаль;0.444444444444;0.0;0.0;
шестой;0.444444444444;0.0;0.0;
белеть;0.444444444444;0.0;0.118736642128;
угощение;0.444444444444;0.0;0.0593683210639;
бриллиантовый;0.444444444444;0.0;0.118736642128;
убитый;0.444444444444;0.0;0.118736642128;
бородатый;0.888888888889;0.0;0.653051531703;
важный;0.0;0.377073906486;0.0;
трещать;0.0;0.377073906486;0.118736642128;
трое;0.444444444444;0.0;0.0;
тройка;1.33333333333;0.754147812971;0.593683210639;
трудно;0.0;0.377073906486;0.0593683210639;
тупо;0.444444444444;0.377073906486;0.415578247447;
тускло;0.0;0.377073906486;0.0;
тучный;0.0;0.377073906486;0.118736642128;
умываться;0.0;0.377073906486;0.0593683210639;
более;0.444444444444;0.0;1.36547138447;
хлестать;0.444444444444;1.13122171946;0.118736642128;
бесконечный;0.888888888889;1.13122171946;0.712419852767;
бешеный;12.8888888889;8.29562594268;7.24293516979;
фонарь;0.444444444444;0.0;0.0593683210639;
беспорядочно;1.33333333333;2.6395173454;2.43410116362;
фасад;1.33333333333;0.0;0.118736642128;
беременный;0.444444444444;0.0;0.237473284256;
хвост;0.444444444444;0.0;0.0593683210639;
береза;1.77777777778;0.0;0.0;
бодрый;1.33333333333;0.0;0.0593683210639;
урожайный;0.0;0.377073906486;0.0;
услышать;0.444444444444;0.0;0.0;
усыпать;0.0;0.377073906486;0.0;
битюг;0.444444444444;0.0;0.178104963192;
утренний;0.0;0.377073906486;0.0;
ух;1.33333333333;0.0;0.415578247447;
пространный;0.888888888889;0.0;0.356209926383;
раскраснеться;0.444444444444;0.0;0.0593683210639;
грудь;0.0;0.377073906486;0.0;
гусиный;0.0;0.377073906486;0.0;
роза;0.444444444444;0.377073906486;0.118736642128;
савелий;0.0;0.377073906486;0.0;
садовник;0.444444444444;0.0;0.0;
сатирический;0.0;0.754147812971;0.0593683210639;
сарафан;0.0;0.754147812971;0.0;
роман;0.0;0.377073906486;0.0;
ресница;0.444444444444;0.0;0.0593683210639;
расстегнуть;0.0;0.377073906486;0.0;
гостеприимный;0.0;0.377073906486;0.0;
свинцовый;0.0;0.377073906486;0.118736642128;
гостиная;0.444444444444;0.0;0.0;
голодный;0.444444444444;0.0;0.0593683210639;
расстилаться;0.444444444444;0.0;0.0;
глухой;0.444444444444;0.0;0.0;
рыжий;0.0;0.377073906486;0.0593683210639;
рассуждать;0.0;1.88536953243;0.415578247447;
гул;0.0;0.377073906486;0.0;
свежесть;0.888888888889;0.0;0.296841605319;
сбруя;0.0;0.377073906486;0.0;
грабли;0.444444444444;3.39366515837;2.79031109;
грибной;2.66666666667;0.0;0.118736642128;
рельс;0.0;0.377073906486;0.0;
сало;0.444444444444;0.0;0.415578247447;
рубить;0.444444444444;0.0;0.178104963192;
сальный;0.0;0.377073906486;0.0;
сантиментально;0.444444444444;0.0;0.0;
санки;0.0;0.377073906486;0.0;
больной;0.0;0.377073906486;0.0;
купчиха;0.444444444444;0.0;0.0;
больница;0.444444444444;0.0;0.0;
купчик;5.33333333333;0.0;1.30610306341;
красавица;1.33333333333;2.26244343891;0.831156494894;
графский;0.444444444444;0.0;0.118736642128;
болеть;1.77777777778;0.377073906486;0.534314889575;
болт;0.0;0.377073906486;0.474946568511;
купить;0.0;0.377073906486;0.0;
государство;0.444444444444;0.0;0.118736642128;
брать;0.0;0.377073906486;0.0;
дикий;0.0;0.377073906486;0.0593683210639;
брак;0.0;0.377073906486;0.0;
бранить;0.0;0.377073906486;0.0;
братский;0.0;0.377073906486;0.0;
бравый;0.0;0.377073906486;0.0;
бревенчатый;0.0;0.377073906486;0.0593683210639;
корпус;0.0;0.377073906486;0.0593683210639;
короче;0.0;0.377073906486;0.0;
ботинок;0.0;0.377073906486;0.118736642128;
коча;0.444444444444;0.377073906486;0.0;
джеб;0.0;0.377073906486;0.0;
битый;0.444444444444;0.377073906486;0.0;
бородка;0.0;0.377073906486;0.0;
кот;0.0;0.377073906486;0.0;
гостина;0.444444444444;0.0;0.0593683210639;
библиотека;3.55555555556;0.0;0.0593683210639;
курс;0.0;0.377073906486;0.0;
костыль;0.444444444444;0.0;0.0593683210639;
диван;0.0;0.377073906486;0.0593683210639;
боязливо;5.33333333333;5.2790346908;5.22441225362;
красноармеец;0.444444444444;0.0;0.0;
культурно;0.444444444444;0.0;0.0;
благодетель;1.33333333333;0.0;1.00926145809;
близнец;0.444444444444;0.0;0.0;
круп;0.444444444444;0.0;0.0;
близорукий;0.444444444444;0.0;0.237473284256;
благосклонность;0.0;0.377073906486;0.0;
блинчик;0.0;1.13122171946;0.237473284256;
круглов;0.0;0.377073906486;0.118736642128;
градижск;1.33333333333;1.50829562594;0.593683210639;
крылатый;0.0;0.754147812971;0.0;
благоустраивать;0.444444444444;1.50829562594;0.474946568511;
крючок;0.0;0.754147812971;0.0;
благоустроенный;0.0;0.377073906486;0.0593683210639;
кряжистый;0.0;0.377073906486;0.0593683210639;
крушение;0.888888888889;1.13122171946;0.0593683210639;
блестки;0.0;0.377073906486;0.118736642128;
деталь;0.888888888889;0.377073906486;0.296841605319;
блеснуть;0.444444444444;0.0;0.0;
кряхтеть;0.444444444444;0.0;0.0;
гражданин;0.0;0.754147812971;0.118736642128;
кстати;0.444444444444;0.0;0.0;
благодаря;4.44444444444;0.377073906486;0.0593683210639;
готлиб;0.444444444444;0.0;0.712419852767;
бодрость;0.0;0.754147812971;0.0;
детина;0.0;0.377073906486;0.0;
дескать;0.444444444444;0.377073906486;0.0;
десерт;0.444444444444;0.377073906486;0.178104963192;
культура;0.444444444444;0.0;0.0;
кремовый;0.0;0.377073906486;0.0;
гофман;0.444444444444;0.0;0.118736642128;
кременчуг;0.0;0.377073906486;0.0;
крем;0.0;0.377073906486;0.0;
красота;0.444444444444;0.377073906486;0.0593683210639;
креститься;0.0;0.377073906486;0.0;
граница;0.0;1.13122171946;0.178104963192;
кризис;0.0;0.377073906486;0.0;
богатство;0.0;1.88536953243;0.0593683210639;
блюдце;2.66666666667;0.0;1.60294466872;
бодро;0.444444444444;0.0;0.593683210639;
грамотность;0.888888888889;0.0;0.0;
богемский;0.0;0.377073906486;0.0;
грабиловка;0.0;0.377073906486;0.0;
короткий;0.0;0.377073906486;0.0;
клешня;0.888888888889;0.0;0.0;
кленовый;0.444444444444;0.0;0.0593683210639;
клеветать;0.444444444444;0.0;0.0593683210639;
варить;0.0;0.377073906486;0.0;
вата;0.444444444444;0.0;0.0;
доказательство;0.444444444444;0.0;0.0593683210639;
кишеть;0.0;0.377073906486;0.178104963192;
доказывать;0.0;0.377073906486;0.0;
коврик;0.0;0.377073906486;0.0;
доводить;0.0;0.754147812971;0.0593683210639;
валить;0.0;0.754147812971;0.0;
книжка;0.444444444444;0.377073906486;0.296841605319;
вальтер;0.0;0.377073906486;0.0;
довольствоваться;0.444444444444;0.0;0.0;
докладывать;0.444444444444;0.0;0.296841605319;
квартирка;0.0;0.377073906486;0.0;
квадратный;0.0;0.377073906486;0.296841605319;
вдох;0.0;0.754147812971;0.0593683210639;
ведать;1.77777777778;1.13122171946;1.12799810021;
молодость;0.0;1.13122171946;0.0;
кафе;0.444444444444;0.0;0.0;
вдвоем;0.0;0.377073906486;0.0;
вдвое;0.0;3.39366515837;0.653051531703;
вверх;0.0;0.377073906486;0.0;
горлышко;0.444444444444;0.0;0.415578247447;
ввинчивать;0.0;0.377073906486;0.0593683210639;
кислота;0.0;0.754147812971;0.356209926383;
доканчивать;5.33333333333;0.0;1.72168131085;
кириловна;0.0;0.377073906486;0.0;
вворачивать;0.444444444444;0.0;0.0;
кидаться;0.0;0.377073906486;0.0;
кивот;0.0;0.377073906486;0.0;
докатиться;0.0;0.754147812971;0.0593683210639;
кивать;0.0;0.377073906486;0.0;
керогаз;0.0;0.377073906486;0.0593683210639;
кодекс;0.444444444444;0.0;0.0;
кое;0.0;0.377073906486;0.0;
буйство;0.0;0.754147812971;0.0593683210639;
бунюэль;0.0;1.50829562594;0.237473284256;
бурцов;0.0;0.377073906486;0.0;
кончик;3.11111111111;2.6395173454;1.78104963192;
бутафорский;0.444444444444;0.0;0.118736642128;
контур;0.888888888889;0.0;0.237473284256;
буточник;0.444444444444;0.0;0.296841605319;
бутылка;0.0;0.377073906486;0.0;
госпо;1.33333333333;0.0;0.0;
длинно;0.0;0.377073906486;0.237473284256;
добро;0.0;0.377073906486;0.118736642128;
будущий;0.444444444444;0.0;0.0593683210639;
бронзовый;0.444444444444;0.0;0.0;
броня;0.0;0.377073906486;0.0;
кормить;0.444444444444;0.0;0.0;
бросать;0.0;0.377073906486;0.0593683210639;
брюнетка;0.444444444444;1.88536953243;0.237473284256;
будильник;0.0;0.377073906486;0.0;
будни;0.0;0.377073906486;0.0;
корень;0.888888888889;0.0;0.237473284256;
господи;0.444444444444;0.377073906486;0.0593683210639;
компань;0.444444444444;0.377073906486;0.0;
бухать;0.0;0.377073906486;0.178104963192;
комок;0.444444444444;0.0;0.0;
быстрота;0.444444444444;0.0;0.0593683210639;
бытовой;0.0;0.377073906486;0.0;
колкость;0.0;0.377073906486;0.0;
бюрократ;0.0;0.377073906486;0.0;
количество;0.0;1.13122171946;0.0593683210639;
кокетливый;0.0;0.377073906486;0.0;
бюст;0.444444444444;0.377073906486;0.534314889575;
горшок;0.0;0.377073906486;0.0;
бухнуть;0.0;0.377073906486;0.0;
комендатура;0.444444444444;0.0;0.0;
госбезопасность;0.0;0.754147812971;0.0;
добиваться;0.0;0.377073906486;0.0;
бывший;0.444444444444;0.0;0.0;
колыхаться;0.888888888889;0.0;0.0593683210639;
колхозник;0.444444444444;0.0;0.0593683210639;
мерзавец;0.0;0.377073906486;0.0;
амур;0.0;0.377073906486;0.0;
меланхоличный;0.888888888889;0.0;0.237473284256;
медь;0.444444444444;0.0;0.0;
медленность;0.0;0.377073906486;0.0;
английский;0.0;0.377073906486;0.415578247447;
меридиан;0.0;1.13122171946;0.178104963192;
актер;0.444444444444;0.0;0.0;
мечтать;0.0;0.377073906486;0.118736642128;
акулина;0.0;0.377073906486;0.237473284256;
акционерный;0.444444444444;1.88536953243;1.00926145809;
мех;0.0;0.377073906486;0.0;
метнуться;0.444444444444;0.0;0.0;
гусарский;0.0;2.26244343891;0.0;
метать;0.0;1.50829562594;0.0;
месяц;0.444444444444;0.377073906486;0.178104963192;
дважды;0.444444444444;0.0;0.0593683210639;
местечко;0.0;0.377073906486;0.0;
двенадцатый;0.0;0.754147812971;0.356209926383;
апельсин;0.0;0.377073906486;0.0;
аполлоныч;0.0;0.377073906486;0.0;
мать;1.77777777778;0.0;0.178104963192;
матовый;0.0;0.754147812971;0.474946568511;
материал;0.0;0.377073906486;0.0;
мастерство;0.888888888889;1.50829562594;1.06862977915;
мастер;0.0;0.377073906486;0.0;
астральный;0.0;0.754147812971;0.0;
атлас;0.0;0.377073906486;0.0;
ахнуть;0.0;0.377073906486;0.178104963192;
марк;0.0;1.50829562594;0.118736642128;
меблированный;0.444444444444;0.377073906486;0.118736642128;
аппендицит;0.444444444444;0.377073906486;0.118736642128;
двойной;1.33333333333;0.0;1.06862977915;
дворник;0.0;0.377073906486;0.0593683210639;
машинальный;0.0;0.377073906486;0.0;
армейский;0.0;0.377073906486;0.0;
акт;0.444444444444;0.0;0.0593683210639;
аксинья;0.0;0.377073906486;0.474946568511;
аккуратно;0.0;1.50829562594;1.36547138447;
bonnet;0.0;0.377073906486;0.178104963192;
de;0.0;0.377073906486;0.0;
moon;0.0;0.377073906486;0.0593683210639;
natrii;0.0;0.377073906486;0.0;
могильный;0.444444444444;0.0;0.0593683210639;
могилка;4.44444444444;1.13122171946;3.56209926383;
могила;0.0;1.88536953243;0.178104963192;
дар;0.0;0.377073906486;0.0;
мозги;0.0;0.754147812971;0.0;
давыдов;0.888888888889;0.0;0.0;
молоденький;0.0;0.754147812971;0.890524815958;
1812;0.0;0.377073906486;0.0;
молниеносно;0.0;0.377073906486;0.0;
молитва;0.0;0.754147812971;0.0;
моление;0.444444444444;0.0;0.356209926383;
молвить;0.888888888889;0.0;0.178104963192;
salicilici;0.444444444444;0.0;0.296841605319;
адрияна;0.0;0.377073906486;0.0;
миновать;0.888888888889;0.0;0.296841605319;
мимо;1.33333333333;0.0;2.25599620043;
дарья;0.0;0.377073906486;0.0593683210639;
мила;0.444444444444;0.0;0.0593683210639;
дача;0.0;0.754147812971;0.118736642128;
ай;0.444444444444;0.0;0.296841605319;
мещанский;0.0;0.754147812971;0.178104963192;
двадцатилетие;0.0;0.377073906486;0.0;
мир;0.444444444444;0.0;0.356209926383;
август;0.0;0.377073906486;0.0593683210639;
многословный;0.444444444444;0.0;0.118736642128;
авангардный;0.444444444444;0.0;0.0593683210639;
мнение;1.33333333333;0.0;0.118736642128;
ад;3.11111111111;0.377073906486;4.9275706483;
адресовать;0.888888888889;0.754147812971;0.593683210639;
марина;0.444444444444;0.0;0.118736642128;
громкость;0.0;0.754147812971;0.0593683210639;
леопольд;0.444444444444;0.0;0.0;
лень;1.33333333333;0.0;0.0;
ленивый;0.444444444444;0.0;0.0;
лен;15.5555555556;24.8868778281;20.8976490145;
легонький;0.444444444444;0.0;0.0;
легкомысленный;0.0;0.377073906486;0.0;
легкое;0.444444444444;0.0;0.0;
легко;0.444444444444;0.0;0.0593683210639;
дежурный;0.0;0.377073906486;0.0;
беззлобный;0.0;0.754147812971;0.0593683210639;
действительно;0.0;0.377073906486;0.0;
ликовать;0.888888888889;2.26244343891;0.712419852767;
либо;0.0;0.377073906486;0.0;
лжедмитрий;0.0;0.377073906486;0.0;
лечить;0.0;0.754147812971;0.296841605319;
действующий;0.0;0.377073906486;0.0;
грубость;0.444444444444;0.0;0.712419852767;
безымянный;0.0;0.377073906486;0.0593683210639;
безыскусственный;0.444444444444;0.0;0.0;
доктор;0.0;0.377073906486;0.534314889575;
беспрерывный;0.0;0.754147812971;0.0;
кутья;1.77777777778;1.13122171946;1.00926145809;
денис;0.0;0.377073906486;0.0;
гривенник;0.0;0.377073906486;0.0593683210639;
берлинский;0.444444444444;0.377073906486;0.237473284256;
груздь;0.0;0.377073906486;0.0593683210639;
люстра;0.444444444444;0.377073906486;0.356209926383;
люк;0.0;0.377073906486;0.296841605319;
де;0.0;0.377073906486;0.0;
дева;0.0;0.377073906486;0.0;
людишки;0.444444444444;0.0;0.0;
бараний;0.0;0.377073906486;0.0;
любопытно;0.0;0.377073906486;0.653051531703;
барахло;0.444444444444;0.0;0.118736642128;
ляжка;0.444444444444;0.0;0.118736642128;
мазанка;0.0;0.377073906486;0.178104963192;
багровый;0.444444444444;0.0;0.0593683210639;
бакенбарда;0.0;0.377073906486;0.0;
малограмотный;0.0;0.377073906486;0.0;
маловероятный;0.0;0.377073906486;0.0;
банк;0.0;0.377073906486;0.0;
бездонный;0.0;0.377073906486;0.118736642128;
лунь;0.0;0.377073906486;0.0;
девятый;0.0;1.13122171946;0.237473284256;
лишенный;0.0;0.377073906486;0.0593683210639;
лишать;0.444444444444;0.0;0.0;
личинка;0.0;0.377073906486;0.0;
дедушка;0.444444444444;0.754147812971;0.474946568511;
лодка;0.0;0.377073906486;0.0;
девочка;1.33333333333;1.13122171946;1.06862977915;
луиза;0.0;1.13122171946;0.0593683210639;
грыжевый;2.22222222222;0.754147812971;1.54357634766;
басурманин;25.3333333333;7.9185520362;19.2353360247;
башмак;0.444444444444;3.01659125189;0.474946568511;
ломать;0.0;1.13122171946;0.356209926383;
девятина;0.444444444444;0.0;0.0;
вторых;0.444444444444;0.0;0.0;
вульгарный;0.0;0.377073906486;0.0593683210639;
вчера;0.0;0.377073906486;0.0;
замарывать;0.0;0.377073906486;0.0593683210639;
выбираться;0.0;0.377073906486;0.0;
вступать;0.444444444444;0.0;0.0;
вскоре;0.444444444444;0.754147812971;0.0593683210639;
глушь;0.0;0.377073906486;0.0;
замысловатый;0.0;0.377073906486;0.118736642128;
встревожить;0.444444444444;0.0;0.0593683210639;
вывеска;0.888888888889;0.377073906486;0.118736642128;
глупо;0.0;0.377073906486;0.831156494894;
заинтересованный;0.444444444444;0.377073906486;0.296841605319;
зазвонить;0.444444444444;0.0;0.0;
вызываться;0.444444444444;0.0;0.0593683210639;
выигрывать;0.0;0.754147812971;0.0593683210639;
глупость;0.444444444444;0.0;0.0;
выдвижной;0.444444444444;0.0;0.0;
закуска;0.444444444444;0.377073906486;0.0;
выдавливать;0.444444444444;0.0;0.0;
законный;0.0;0.377073906486;0.0;
воспаление;0.444444444444;0.0;0.0593683210639;
воспоминание;0.888888888889;0.754147812971;1.06862977915;
восторгаться;0.0;0.377073906486;0.0;
востроносый;0.444444444444;0.0;0.0593683210639;
восьмерка;2.66666666667;2.6395173454;1.12799810021;
застонать;0.444444444444;0.0;0.0;
воронежский;0.888888888889;0.0;0.237473284256;
драматический;0.0;0.377073906486;0.178104963192;
драный;0.888888888889;0.0;2.1372595583;
драться;0.888888888889;1.88536953243;1.4842080266;
восемь;0.0;1.13122171946;0.0;
восемьдесят;0.0;1.13122171946;0.0593683210639;
засыпать;0.444444444444;0.0;0.296841605319;
восклицать;0.444444444444;0.0;0.178104963192;
засуетиться;0.888888888889;0.377073906486;0.593683210639;
воскресение;1.33333333333;0.0;0.237473284256;
заслуживать;1.77777777778;0.0;0.77178817383;
всаживать;0.444444444444;0.0;0.118736642128;
всевозможный;1.33333333333;0.377073906486;0.77178817383;
заплакать;0.0;0.377073906486;0.0;
запихивать;0.0;0.377073906486;0.0;
записывать;8.88888888889;5.65610859729;5.22441225362;
запевать;0.0;0.754147812971;1.18736642128;
вскакивать;3.11111111111;2.26244343891;1.06862977915;
заправлять;0.444444444444;0.0;0.0593683210639;
вращать;2.66666666667;0.0;0.0593683210639;
впадать;0.0;0.377073906486;0.237473284256;
засаживаться;1.33333333333;0.0;0.296841605319;
вполголоса;0.0;0.377073906486;0.0;
впрочем;0.0;0.377073906486;0.0;
запропаститься;0.0;0.377073906486;0.0;
запрещать;0.888888888889;1.88536953243;0.890524815958;
задыхаться;0.0;0.377073906486;0.0;
задумываться;0.0;0.377073906486;0.0;
гимнаст;0.0;1.13122171946;0.474946568511;
жениться;0.444444444444;0.0;0.178104963192;
дымовой;0.888888888889;0.0;0.593683210639;
выцветший;0.444444444444;0.0;0.0593683210639;
жареный;0.888888888889;0.0;0.415578247447;
гадать;0.444444444444;0.0;0.415578247447;
жар;0.444444444444;0.0;0.0593683210639;
дыра;0.0;0.377073906486;0.0593683210639;
задумчивый;0.444444444444;0.0;0.118736642128;
жилище;0.0;1.13122171946;0.415578247447;
высохший;0.0;0.377073906486;0.0;
высчитывать;0.0;0.754147812971;0.0;
животный;0.0;0.377073906486;0.0;
жест;0.0;0.377073906486;0.0593683210639;
жалко;0.444444444444;0.0;0.0593683210639;
дыхание;0.444444444444;0.0;0.0593683210639;
гасить;0.0;0.377073906486;0.0;
гвоздик;0.0;0.377073906486;0.0;
ежиться;0.0;1.13122171946;0.118736642128;
ежедневный;0.0;0.377073906486;0.0;
европейский;0.444444444444;0.0;0.0;
дюжий;0.0;0.754147812971;0.0593683210639;
дьявольский;0.0;0.377073906486;0.0;
жадность;0.444444444444;0.377073906486;0.593683210639;
жаботыкин;0.0;0.377073906486;0.0;
ехидно;0.444444444444;0.0;0.0;
гибель;0.0;0.377073906486;0.0;
гиацинтова;0.444444444444;0.0;0.0;
вымещать;0.444444444444;0.0;0.237473284256;
глоток;0.444444444444;0.0;0.296841605319;
завязываться;0.0;0.377073906486;0.0593683210639;
вынуждать;0.0;0.754147812971;0.118736642128;
выпадать;0.0;0.377073906486;0.0;
завыть;0.444444444444;0.0;0.474946568511;
завтракать;0.444444444444;0.0;0.0593683210639;
завтрак;0.0;0.377073906486;0.237473284256;
задеть;0.0;0.377073906486;0.0;
задерживать;0.0;0.754147812971;0.118736642128;
выкройка;0.0;0.377073906486;0.0;
задевать;0.888888888889;0.0;0.0593683210639;
заговаривать;0.444444444444;0.0;0.118736642128;
загреметь;0.0;0.754147812971;0.0;
дряхлеть;0.0;0.377073906486;0.0593683210639;
загранработа;0.888888888889;0.754147812971;0.178104963192;
вылезать;0.444444444444;1.13122171946;0.178104963192;
загорелый;0.444444444444;0.0;0.0593683210639;
завороженно;0.0;0.377073906486;0.178104963192;
душистый;0.444444444444;0.0;0.0;
выплевывать;4.0;1.88536953243;4.33388743766;
забавный;0.0;0.377073906486;0.118736642128;
забавник;0.444444444444;0.0;0.534314889575;
дурак;0.888888888889;0.754147812971;0.534314889575;
жучить;0.0;0.377073906486;0.0;
журить;0.0;0.377073906486;0.0;
высказываться;0.0;0.377073906486;0.0;
житель;0.0;0.377073906486;0.0;
житейский;0.444444444444;0.0;0.0;
духовидец;0.444444444444;0.0;0.0593683210639;
высовывать;0.444444444444;0.0;0.0593683210639;
глагол;0.444444444444;0.0;0.0;
зависть;0.0;0.377073906486;0.0;
завет;0.0;0.377073906486;0.0;
заведующий;0.0;0.754147812971;0.0593683210639;
завариваться;0.0;0.377073906486;0.0;
выпрямляться;0.444444444444;0.0;0.118736642128;
выражать;0.444444444444;0.0;0.474946568511;
заботливо;0.444444444444;0.0;0.0593683210639;
заболеть;0.444444444444;0.0;0.0593683210639;
выпускать;0.888888888889;2.6395173454;1.00926145809;
вырабатывать;0.0;0.754147812971;0.0;
забивать;0.0;2.26244343891;0.712419852767;
драма;0.444444444444;0.0;0.178104963192;
искать;0.0;0.377073906486;0.0;
вздор;0.0;0.377073906486;0.0;
интересный;0.444444444444;1.50829562594;0.237473284256;
взмахивать;0.0;0.377073906486;0.0;
иностранный;29.7777777778;10.1809954751;22.8568036096;
иной;17.3333333333;2.26244343891;10.0332462598;
ираклий;0.0;0.377073906486;0.0;
взглядывать;2.22222222222;4.90196078431;6.17430539064;
испускать;0.0;0.754147812971;0.0593683210639;
испуг;0.444444444444;0.0;0.0593683210639;
исправность;1.33333333333;0.0;0.178104963192;
испортиться;0.888888888889;0.0;0.0;
искренний;0.444444444444;0.0;0.178104963192;
искренне;0.444444444444;0.377073906486;0.178104963192;
взмывать;0.444444444444;0.0;0.0593683210639;
видать;0.0;0.377073906486;0.0;
видаться;1.33333333333;1.13122171946;0.415578247447;
изношенный;0.0;0.377073906486;0.0593683210639;
витрина;0.0;0.377073906486;0.0;
вишневый;0.444444444444;0.0;0.0593683210639;
излагать;0.0;1.13122171946;0.118736642128;
изо;0.0;0.377073906486;0.356209926383;
изображать;0.444444444444;0.0;0.0;
изображение;0.0;0.377073906486;0.0;
видимому;0.0;0.377073906486;0.0;
доплачивать;0.444444444444;0.0;0.0;
изобретатель;0.0;0.377073906486;0.0593683210639;
дорого;0.0;0.754147812971;0.0593683210639;
взад;1.33333333333;0.0;0.712419852767;
испытание;1.33333333333;0.0;0.356209926383;
кануть;1.33333333333;0.377073906486;0.296841605319;
вернее;0.888888888889;0.0;0.0593683210639;
канифасовый;0.0;0.754147812971;0.237473284256;
кандидатский;0.444444444444;0.0;0.0593683210639;
канарейка;0.0;0.377073906486;0.118736642128;
вернуть;0.444444444444;0.377073906486;0.118736642128;
должность;4.44444444444;3.77073906486;3.79957254809;
каланча;0.444444444444;0.0;0.0593683210639;
вериться;1.33333333333;0.0;1.66231298979;
везти;0.444444444444;0.0;0.0;
карта;0.444444444444;0.0;0.296841605319;
караулов;0.444444444444;0.0;0.0593683210639;
вентиляция;0.444444444444;0.0;0.0;
горестно;0.444444444444;0.0;0.0;
гениальный;0.0;0.377073906486;0.0;
верить;0.444444444444;0.0;0.0;
каковой;0.444444444444;0.0;0.534314889575;
должный;0.444444444444;0.0;0.178104963192;
вечно;0.0;0.377073906486;0.0;
вешалка;0.444444444444;0.0;0.712419852767;
исторический;0.0;0.377073906486;0.356209926383;
истомляться;0.0;0.377073906486;0.0;
вешать;0.444444444444;0.0;0.0;
вещь;0.444444444444;0.0;0.0;
домоуправление;0.444444444444;0.0;0.0593683210639;
каверзный;0.444444444444;0.0;0.0;
ка;0.444444444444;0.0;0.0;
июльский;0.444444444444;0.0;0.0;
ветеран;0.444444444444;0.0;0.0593683210639;
ветка;0.0;0.377073906486;0.0;
изделие;0.0;0.377073906486;0.118736642128;
возлагать;0.0;0.377073906486;0.0;
возле;0.0;0.377073906486;0.0;
возлюбленная;0.444444444444;0.0;0.0;
возможность;0.0;0.377073906486;0.118736642128;
здание;0.888888888889;0.0;0.118736642128;
возникать;0.444444444444;0.0;0.0;
гоготать;0.0;0.377073906486;0.0;
возница;0.444444444444;0.377073906486;0.0;
возобновлять;0.888888888889;0.0;0.0;
вожделеть;0.888888888889;0.0;0.0593683210639;
возвышаться;0.444444444444;0.0;0.0;
зигзаг;0.444444444444;0.0;0.237473284256;
воздействовать;0.0;1.88536953243;0.296841605319;
зеркальный;0.0;0.377073906486;0.0;
воздыхание;0.0;1.13122171946;0.0593683210639;
воздыхать;0.444444444444;0.0;0.0;
зеленца;0.888888888889;1.13122171946;1.18736642128;
звание;0.444444444444;0.0;0.0;
затяжка;0.0;0.377073906486;0.0593683210639;
затылок;0.0;0.377073906486;0.0;
дочка;0.0;0.754147812971;0.0593683210639;
дочь;0.0;0.377073906486;0.0593683210639;
воображать;0.888888888889;0.0;0.118736642128;
затруднение;0.444444444444;0.0;0.593683210639;
затрата;0.444444444444;0.0;0.118736642128;
вопросительно;0.444444444444;0.0;0.0593683210639;
дражайший;0.444444444444;0.377073906486;0.118736642128;
зато;0.444444444444;0.0;0.0;
захлопать;0.0;0.377073906486;0.0593683210639;
волшебник;0.0;0.377073906486;0.0;
захохотать;0.444444444444;0.377073906486;0.0;
злоба;0.0;2.26244343891;0.0593683210639;
избавлять;0.444444444444;0.0;0.237473284256;
доставлять;0.0;0.377073906486;0.0;
голокожий;1.77777777778;1.13122171946;1.30610306341;
вместо;0.0;0.377073906486;0.0;
играть;0.0;0.377073906486;0.0;
извергаться;0.0;0.377073906486;0.0;
влияние;0.0;0.377073906486;0.0593683210639;
владеть;0.0;0.377073906486;0.0;
изготавливать;0.0;1.88536953243;0.593683210639;
изгнание;0.0;0.377073906486;0.0593683210639;
известно;0.0;0.377073906486;0.0;
извещать;0.0;0.377073906486;0.0;
достоинство;0.444444444444;0.0;0.0;
достальное;0.444444444444;0.0;0.0;
знакомиться;0.0;0.377073906486;0.0;
змейка;0.0;0.377073906486;0.118736642128;
змей;0.0;0.377073906486;0.0;
злосчастный;0.0;0.377073906486;0.0;
знд;0.0;0.377073906486;0.0;
зритель;0.0;0.377073906486;0.178104963192;
внимание;0.0;0.377073906486;0.0;
зонт;0.0;0.377073906486;0.0;
золото;0.0;0.377073906486;0.118736642128;
внимательность;0.0;0.377073906486;0.0;
знатный;0.0;0.754147812971;0.0593683210639;
внутренность;0.444444444444;0.0;0.0;
внутри;0.0;0.754147812971;0.0;
значительный;0.888888888889;0.0;0.0;
внутрь;0.888888888889;0.0;0.0;
внушать;0.0;0.377073906486;0.0;
ожидательно;0.0;0.377073906486;0.0593683210639;
моложавый;0.0;0.377073906486;0.118736642128;
сиделка;0.444444444444;1.13122171946;0.237473284256;
сие;0.444444444444;0.377073906486;0.296841605319;
силиться;0.444444444444;0.0;0.237473284256;
сирена;0.444444444444;0.0;0.0;
сиротка;0.444444444444;0.0;0.0;
сияние;1.77777777778;0.0;0.0;
сжинать;0.888888888889;0.0;0.237473284256;
сестра;3.11111111111;0.0;0.534314889575;
серьезно;0.0;0.754147812971;0.712419852767;
сертук;0.444444444444;0.377073906486;0.0;
серинькать;0.0;0.377073906486;0.118736642128;
сердитый;0.444444444444;0.754147812971;0.118736642128;
слабо;0.0;0.377073906486;0.0;
скучный;0.444444444444;1.13122171946;0.237473284256;
скучать;0.0;0.377073906486;0.0;
скрывать;0.0;0.377073906486;0.0;
скользнуть;0.0;0.377073906486;0.0;
скользкий;2.22222222222;10.1809954751;6.70862028022;
скобка;0.0;0.377073906486;0.0593683210639;
сквозить;0.0;0.377073906486;0.0;
скатерть;0.444444444444;0.0;0.0;
сердечник;0.444444444444;0.0;0.0;
сенник;0.0;0.377073906486;0.0;
света;0.444444444444;0.0;0.178104963192;
сверхъестественный;0.0;0.377073906486;0.0593683210639;
сверху;0.888888888889;0.0;0.0;
св;0.0;0.377073906486;0.0;
свободно;0.444444444444;0.0;0.118736642128;
сапожишки;0.0;0.754147812971;0.0;
сальвадор;0.0;0.377073906486;0.0;
саван;0.0;0.377073906486;0.178104963192;
рядом;0.0;0.754147812971;0.0;
свобода;0.444444444444;0.0;0.0;
семеро;3.55555555556;4.90196078431;1.78104963192;
селедка;0.0;0.754147812971;0.0;
секундант;0.444444444444;0.0;0.356209926383;
секрет;0.444444444444;0.0;0.0;
северный;0.444444444444;0.0;0.0593683210639;
сделаться;0.444444444444;0.0;0.0593683210639;
сгорать;0.0;0.754147812971;0.0593683210639;
сгибаться;0.0;0.377073906486;0.0593683210639;
свя;0.444444444444;0.0;0.0;
сворачивать;0.0;0.754147812971;0.0;
слаживать;0.444444444444;0.0;0.0;
солдат;0.888888888889;0.377073906486;0.356209926383;
соль;0.0;0.377073906486;0.0593683210639;
солидно;0.444444444444;0.0;0.0;
содержание;0.444444444444;0.0;0.0;
содействие;0.0;0.377073906486;0.0;
сода;1.77777777778;0.0;0.653051531703;
спасать;0.444444444444;0.0;0.0;
справка;1.33333333333;0.377073906486;0.237473284256;
спокойный;0.444444444444;0.377073906486;0.890524815958;
спеть;0.0;0.377073906486;0.0593683210639;
спелый;0.444444444444;0.0;0.534314889575;
спектакль;0.444444444444;0.0;0.0;
сочный;0.444444444444;0.0;0.0;
социально;0.0;0.377073906486;0.0;
соты;0.0;0.377073906486;0.118736642128;
состоять;0.444444444444;0.0;0.237473284256;
соседка;0.0;0.377073906486;0.0593683210639;
сорокалетний;0.444444444444;0.0;0.356209926383;
сорок;0.0;0.377073906486;0.0;
слух;0.888888888889;0.0;0.949893137022;
смешно;0.444444444444;1.13122171946;0.534314889575;
смешить;1.77777777778;0.377073906486;0.118736642128;
смеркаться;0.0;0.377073906486;0.0593683210639;
смерить;0.0;0.377073906486;0.0;
смелость;0.444444444444;0.0;0.0593683210639;
слышимость;0.0;0.377073906486;0.0593683210639;
слыхать;0.444444444444;0.0;0.118736642128;
случайность;0.0;0.377073906486;0.118736642128;
слуга;0.444444444444;0.0;0.0593683210639;
слон;0.444444444444;0.0;0.0;
сложный;0.0;0.377073906486;0.0;
слизывать;0.444444444444;0.754147812971;0.118736642128;
слизнуть;0.0;0.377073906486;0.0;
сливание;0.0;0.377073906486;0.0;
следующий;0.0;0.377073906486;0.0;
следовать;0.444444444444;0.0;0.0;
смешной;0.888888888889;0.377073906486;0.890524815958;
смирно;0.444444444444;0.377073906486;0.356209926383;
советский;0.0;0.377073906486;0.0;
советовать;0.0;4.14781297134;0.593683210639;
соблазнять;0.0;0.377073906486;0.0;
снимок;0.444444444444;0.0;0.474946568511;
снежно;0.888888888889;0.0;0.0;
снаружи;0.0;0.377073906486;0.178104963192;
снарк;0.444444444444;0.0;0.534314889575;
смущение;0.0;0.377073906486;0.0;
смущаться;0.0;0.754147812971;0.0;
смутно;0.0;0.377073906486;0.0;
смуглый;0.444444444444;0.0;0.0;
ряд;0.444444444444;0.0;0.0;
рябиновый;0.0;0.377073906486;0.0;
пьяный;0.0;0.377073906486;0.0;
пьянство;0.0;0.377073906486;0.0;
пьеса;0.0;0.377073906486;0.0;
пытаться;0.0;0.377073906486;0.0;
пчеловодство;0.888888888889;0.0;0.0;
пчеловод;0.444444444444;0.377073906486;0.415578247447;
пущать;0.0;0.377073906486;0.0;
пушкарная;0.0;0.377073906486;0.0593683210639;
пушечный;0.444444444444;0.0;0.0593683210639;
пустяк;0.0;0.377073906486;0.0;
птичий;0.444444444444;0.0;0.0;
прямолинейно;0.0;0.377073906486;0.118736642128;
прут;0.0;1.13122171946;0.118736642128;
развеиваться;0.0;0.377073906486;0.0;
разделять;0.0;0.377073906486;0.178104963192;
раздеваться;0.888888888889;0.0;0.296841605319;
разгуляй;0.888888888889;1.13122171946;0.534314889575;
разгорячать;0.444444444444;0.0;0.237473284256;
разводиться;0.888888888889;0.0;0.237473284256;
разводить;0.0;0.377073906486;0.0;
разбудить;0.0;0.377073906486;0.0;
разбор;0.0;0.377073906486;0.0;
радостно;0.888888888889;0.0;0.415578247447;
работница;0.444444444444;0.0;0.0;
пятница;0.0;0.377073906486;0.0;
прыгать;0.444444444444;0.377073906486;0.712419852767;
промежуток;0.0;0.754147812971;0.0;
проселочный;0.0;0.377073906486;0.0;
прорекламировать;0.444444444444;0.0;0.0593683210639;
пропаганда;0.0;2.26244343891;0.653051531703;
проситель;0.444444444444;0.0;0.0;
промах;0.0;0.377073906486;0.0593683210639;
проклятый;0.0;0.377073906486;0.0;
прокармливать;0.0;0.377073906486;0.0;
пройдоха;0.0;0.377073906486;0.474946568511;
профессия;0.0;0.377073906486;0.237473284256;
прощаться;0.444444444444;0.0;0.0;
прошептать;0.0;0.377073906486;0.0;
прочее;0.0;0.377073906486;0.0;
проход;0.444444444444;0.0;0.0;
протяжение;0.444444444444;1.50829562594;0.593683210639;
протягивать;0.444444444444;1.13122171946;0.77178817383;
против;0.888888888889;0.0;0.178104963192;
простак;0.0;0.377073906486;0.0593683210639;
рекомендоваться;0.0;1.50829562594;0.118736642128;
речь;0.444444444444;0.0;0.0;
репетиция;0.0;0.377073906486;0.118736642128;
репетировать;0.0;0.377073906486;0.0;
ремень;0.0;0.377073906486;0.237473284256;
ректор;0.444444444444;0.0;0.356209926383;
рекомендовать;1.77777777778;0.377073906486;0.0593683210639;
рейтузы;0.444444444444;0.0;0.0593683210639;
рейнгофа;0.444444444444;0.0;0.118736642128;
резолюция;0.444444444444;0.0;0.118736642128;
резиновый;1.77777777778;3.39366515837;1.12799810021;
резина;0.444444444444;0.754147812971;0.712419852767;
резиденция;0.0;0.377073906486;0.0;
резать;0.0;0.754147812971;0.0;
решаться;0.0;0.377073906486;0.0593683210639;
решительно;0.0;0.377073906486;0.0;
ребята;0.0;0.377073906486;0.0;
рывок;0.444444444444;0.754147812971;0.593683210639;
рыба;0.888888888889;0.0;0.0;
русский;0.0;0.377073906486;0.0;
россия;0.888888888889;0.377073906486;0.415578247447;
рослый;0.0;1.13122171946;0.0593683210639;
розина;0.444444444444;0.377073906486;0.712419852767;
родной;0.888888888889;0.0;0.237473284256;
родитель;0.444444444444;0.0;0.0;
ровно;0.444444444444;0.0;0.178104963192;
рисовать;0.0;0.377073906486;0.296841605319;
ребятки;0.444444444444;0.377073906486;0.474946568511;
раскалять;0.0;0.377073906486;0.415578247447;
ранить;0.444444444444;0.0;0.0593683210639;
раковина;0.888888888889;0.0;0.296841605319;
районный;0.0;0.377073906486;0.237473284256;
разъяснять;0.444444444444;0.754147812971;0.0;
разъезжаться;0.0;0.377073906486;0.0;
разумный;0.0;0.377073906486;0.0;
разумность;0.444444444444;0.0;0.0593683210639;
разуметься;0.0;0.377073906486;0.0;
размер;0.444444444444;0.0;0.118736642128;
разлучать;0.444444444444;0.0;0.0;
различный;0.444444444444;0.0;0.0;
раскланиваться;0.0;0.377073906486;0.296841605319;
расхохотаться;0.0;0.754147812971;0.237473284256;
расхаживать;0.0;0.377073906486;0.296841605319;
расставлять;0.444444444444;0.0;0.0593683210639;
рассеянный;0.444444444444;0.0;0.0593683210639;
рассеянно;0.0;0.377073906486;0.0;
распечатываться;0.0;0.377073906486;0.0593683210639;
справлять;0.0;0.377073906486;0.0;
хватать;0.444444444444;0.0;0.296841605319;
хвастаться;0.888888888889;0.0;0.118736642128;
француз;0.0;0.377073906486;0.0;
фран;0.444444444444;0.0;0.0;
форма;0.0;0.377073906486;0.0;
фонарик;0.0;0.754147812971;0.0;
фирма;0.444444444444;0.0;0.118736642128;
физиология;0.444444444444;0.0;0.296841605319;
хватка;0.0;0.377073906486;0.118736642128;
февраль;0.444444444444;0.0;0.118736642128;
фальшь;0.444444444444;0.0;0.415578247447;
хе;0.0;0.377073906486;0.0593683210639;
хорошему;0.444444444444;0.0;0.356209926383;
цветочный;0.0;0.754147812971;0.118736642128;
цветок;0.0;0.377073906486;0.0;
худо;0.0;0.377073906486;0.0593683210639;
хрустеть;0.444444444444;0.0;0.0;
хриплый;0.0;0.377073906486;0.118736642128;
хоть;0.444444444444;0.0;0.0;
хозяйничать;0.444444444444;0.0;0.0;
хлопотать;0.888888888889;0.0;0.474946568511;
хлопнуться;0.0;0.377073906486;0.474946568511;
хлопать;0.444444444444;0.0;0.118736642128;
хининдигликолевый;0.444444444444;0.0;0.0;
управитель;0.444444444444;0.0;0.0593683210639;
упаднически;0.444444444444;0.0;0.0;
умственный;0.444444444444;0.0;0.0593683210639;
умеренность;0.444444444444;0.0;0.178104963192;
улавливать;0.0;0.377073906486;1.00926145809;
ул;1.33333333333;0.377073906486;0.474946568511;
уклонист;0.444444444444;0.0;0.178104963192;
укладывать;0.888888888889;0.0;0.118736642128;
ура;0.0;0.377073906486;0.0;
учение;0.888888888889;0.0;0.0;
ухо;0.0;1.13122171946;0.0;
ухватываться;0.0;0.754147812971;0.118736642128;
ухватывать;0.0;0.377073906486;0.0;
утрачивать;0.0;0.377073906486;0.0;
утопать;0.444444444444;0.0;0.0;
утончаться;0.0;0.377073906486;0.0;
утверждать;0.444444444444;0.0;0.0;
утапливать;0.444444444444;0.0;0.0593683210639;
устаивать;0.0;0.377073906486;0.0;
уставляться;0.0;0.377073906486;0.0;
усеивать;0.444444444444;0.0;0.0;
узор;0.444444444444;0.0;0.0;
шмыгать;0.444444444444;0.0;0.0593683210639;
щека;0.888888888889;0.377073906486;0.653051531703;
шутить;0.444444444444;0.0;0.0;
шуба;0.0;0.377073906486;0.118736642128;
штукатурка;0.0;0.377073906486;0.0;
шпилька;0.0;0.377073906486;0.0;
шлепнуться;0.444444444444;0.0;0.178104963192;
школа;0.444444444444;0.0;0.593683210639;
шкаф;0.444444444444;0.0;0.178104963192;
шишечка;0.0;0.377073906486;0.0;
щель;0.0;0.377073906486;0.0;
шепотом;0.444444444444;0.0;0.0593683210639;
яма;0.0;0.377073906486;0.0593683210639;
явственно;0.0;0.377073906486;0.0;
этаж;0.444444444444;0.0;0.0;
энтомология;0.888888888889;0.0;0.356209926383;
энерготрест;0.0;0.377073906486;0.0593683210639;
электрический;0.444444444444;0.377073906486;0.0;
экий;0.444444444444;0.754147812971;0.118736642128;
шептать;0.0;0.377073906486;0.356209926383;
шепот;0.0;0.377073906486;0.0593683210639;
церемония;0.0;0.377073906486;0.0;
чиниться;1.33333333333;0.0;0.356209926383;
чехов;1.33333333333;0.0;0.0593683210639;
четвертый;0.0;0.377073906486;0.0;
четвертовать;0.0;0.377073906486;0.0;
четверо;0.444444444444;0.0;0.0;
черному;0.444444444444;0.0;0.0;
чемодан;0.444444444444;0.0;0.0;
часть;0.0;0.377073906486;0.0;
частота;0.0;0.377073906486;0.0;
чары;0.0;0.754147812971;0.118736642128;
цыганка;2.22222222222;0.377073906486;0.653051531703;
цирковой;0.888888888889;0.0;0.237473284256;
чиновник;0.444444444444;0.0;0.118736642128;
чуткий;0.0;0.754147812971;0.0;
шекспир;0.444444444444;0.0;0.0;
шарахнуть;0.444444444444;0.0;0.118736642128;
чунька;0.0;0.377073906486;0.0;
чумовая;0.0;0.377073906486;0.0593683210639;
чудо;0.0;0.377073906486;0.0;
чудак;0.0;0.377073906486;0.0;
чувствоваться;0.444444444444;0.0;0.0;
чубук;0.444444444444;0.0;0.296841605319;
чихнуть;0.0;0.377073906486;0.0;
чиханье;0.888888888889;0.377073906486;0.237473284256;
укалывать;0.0;0.377073906486;0.0;
узкий;0.0;0.754147812971;0.474946568511;
спрыгивать;0.0;0.377073906486;0.0;
суетливый;0.0;0.377073906486;0.0;
супруга;0.888888888889;0.0;0.0593683210639;
сумочка;0.0;0.754147812971;0.178104963192;
сумасброд;0.0;0.377073906486;0.0593683210639;
сук;0.0;0.377073906486;0.0;
судорожный;0.0;0.377073906486;1.72168131085;
стынуть;0.0;0.377073906486;0.118736642128;
стучать;0.0;0.377073906486;0.0;
строй;1.33333333333;0.0;0.0;
сын;2.66666666667;0.0;1.24673474234;
тамбов;0.0;0.754147812971;0.237473284256;
талант;0.444444444444;0.0;0.415578247447;
такт;0.0;0.377073906486;0.296841605319;
также;0.0;0.377073906486;0.0;
сяк;0.444444444444;0.0;0.237473284256;
сытно;0.444444444444;0.0;0.118736642128;
сыр;0.444444444444;0.0;0.178104963192;
считаться;2.22222222222;0.377073906486;1.84041795298;
счесть;0.0;0.377073906486;0.0593683210639;
сцена;0.444444444444;0.0;0.0;
сходить;0.444444444444;0.0;0.0;
сущий;0.0;0.377073906486;0.0593683210639;
строительство;0.444444444444;0.0;0.0593683210639;
ссора;0.0;0.377073906486;0.712419852767;
стареться;0.444444444444;0.0;0.0;
старательный;0.444444444444;0.0;0.0;
станция;0.444444444444;0.0;0.0;
ссср;0.888888888889;0.0;0.0;
стебель;0.444444444444;0.0;0.0593683210639;
средство;0.444444444444;0.0;0.0593683210639;
спутник;0.0;0.377073906486;0.0;
стенать;0.444444444444;0.0;0.296841605319;
стремянка;0.0;0.377073906486;0.0;
стремление;0.444444444444;0.0;0.0593683210639;
стрельба;0.444444444444;0.0;0.0;
стрелок;0.444444444444;0.0;0.0;
страшиться;0.0;1.13122171946;0.0;
стонать;0.444444444444;0.0;0.949893137022;
столь;0.0;0.754147812971;0.0;
столичный;0.444444444444;0.0;0.178104963192;
стойка;0.0;0.754147812971;0.178104963192;
стоить;0.0;0.377073906486;0.118736642128;
стенной;0.0;0.377073906486;0.0;
татарин;0.0;0.377073906486;0.0593683210639;
тупень;0.444444444444;0.377073906486;0.178104963192;
тянуться;0.0;0.377073906486;0.0;
тягостно;0.0;0.377073906486;0.0;
тургенев;0.0;0.377073906486;0.356209926383;
туман;1.77777777778;0.0;0.237473284256;
туда;0.0;0.377073906486;0.0593683210639;
трясти;0.0;0.377073906486;0.0;
трюхина;0.444444444444;0.0;0.0593683210639;
трусость;0.0;0.377073906486;0.118736642128;
трудиться;0.444444444444;0.0;0.0593683210639;
трубить;0.0;0.377073906486;0.0;
тридцать;0.444444444444;0.0;0.0;
треск;0.0;0.377073906486;0.0593683210639;
ужасно;0.0;0.377073906486;0.0;
уезд;0.444444444444;0.377073906486;0.178104963192;
удобство;0.444444444444;0.0;0.0;
удобно;0.0;0.754147812971;0.0593683210639;
удаваться;0.888888888889;0.0;0.0593683210639;
угрюмо;0.0;0.754147812971;0.0593683210639;
уговаривать;0.0;0.377073906486;0.0;
уведомлять;0.444444444444;0.377073906486;0.118736642128;
уважение;0.0;0.377073906486;0.118736642128;
трешница;0.444444444444;0.0;0.0;
течение;0.0;0.377073906486;0.0;
территория;0.0;0.377073906486;0.0;
телифон;0.0;1.50829562594;0.0;
твердость;0.0;0.377073906486;0.0;
тов;0.444444444444;1.50829562594;0.118736642128;
товарищество;0.0;0.377073906486;0.0;
требование;0.0;0.377073906486;0.0;
траурный;0.0;0.377073906486;0.0593683210639;
трактир;0.0;0.377073906486;0.118736642128;
точить;0.0;0.377073906486;0.0;
торопиться;0.444444444444;0.0;0.0;
товарный;0.444444444444;0.0;0.0;
торжественный;0.0;0.377073906486;0.0593683210639;
топор;0.0;0.377073906486;0.0593683210639;
тонкий;0.0;0.377073906486;0.0;
томно;1.77777777778;0.0;0.415578247447;
томик;0.444444444444;0.0;0.0;
толстой;0.0;1.50829562594;0.0593683210639;
толковать;0.0;0.377073906486;0.0;
толкнуть;0.0;0.377073906486;0.0;
производительный;0.444444444444;0.0;0.0;
произведение;0.0;1.13122171946;0.0593683210639;
прозывать;7.11111111111;1.13122171946;3.26525765851;
объяснение;0.0;0.377073906486;0.0593683210639;
обычай;0.444444444444;0.0;0.0593683210639;
обыск;0.0;0.377073906486;0.0;
объясняться;0.0;0.377073906486;0.0;
обширный;0.0;0.377073906486;0.0;
обшивать;0.0;6.41025641026;0.593683210639;
обхватить;0.444444444444;0.754147812971;0.77178817383;
обустраивать;0.0;0.377073906486;0.0593683210639;
обстоятельство;0.0;0.377073906486;0.0;
обращаться;0.0;0.377073906486;0.0;
обращать;2.22222222222;0.377073906486;1.78104963192;
обратно;0.0;1.13122171946;0.118736642128;
оккультный;0.444444444444;0.0;0.0;
ольгин;0.444444444444;0.0;0.0;
ольга;0.444444444444;1.13122171946;2.19662787936;
оловянный;0.0;0.377073906486;0.0;
олицетворять;0.0;0.377073906486;0.0;
октябрьский;0.0;1.88536953243;0.237473284256;
округа;0.0;0.754147812971;0.0593683210639;
окровавливать;0.0;0.377073906486;0.0;
окровавленный;0.0;0.377073906486;0.0;
окошко;0.0;0.377073906486;0.118736642128;
оковы;0.444444444444;0.0;0.0;
оккультизм;0.0;0.377073906486;0.0593683210639;
озорной;0.444444444444;0.0;0.0;
озеро;0.0;0.377073906486;0.0;
ящерица;0.444444444444;0.0;0.0;
оживлять;0.0;0.377073906486;0.0593683210639;
одностволка;0.0;0.377073906486;0.237473284256;
односложно;0.0;0.754147812971;0.118736642128;
одноногий;0.0;0.377073906486;0.0;
одичалый;0.444444444444;0.0;0.0;
омрачать;0.444444444444;1.88536953243;0.474946568511;
обездоленный;0.0;0.377073906486;0.0;
обеденный;0.444444444444;0.0;0.0;
обдумывать;0.888888888889;0.754147812971;0.0;
обгладывать;0.444444444444;0.377073906486;0.237473284256;
обгаживать;0.444444444444;0.754147812971;0.474946568511;
обвисать;0.444444444444;0.0;0.0;
обаятельный;0.0;0.377073906486;0.0;
нынче;0.0;0.377073906486;0.474946568511;
ночной;5.77777777778;4.14781297134;6.70862028022;
ночевать;0.0;0.377073906486;0.0;
носовой;0.0;0.377073906486;0.237473284256;
нормальный;0.0;0.377073906486;0.0;
оборвать;0.888888888889;0.0;0.0;
обоз;0.888888888889;0.754147812971;0.593683210639;
обо;0.444444444444;0.0;0.178104963192;
обнародоваться;0.444444444444;0.0;0.0;
обменяться;0.444444444444;0.0;0.118736642128;
обмениваться;1.33333333333;1.13122171946;3.68083590596;
облупленный;0.0;0.377073906486;0.0;
область;0.0;0.377073906486;0.0;
областной;0.0;0.377073906486;0.0593683210639;
облагодетельствовать;0.0;0.377073906486;0.0;
обитать;0.888888888889;0.377073906486;0.534314889575;
обидчивый;2.22222222222;0.377073906486;0.593683210639;
обзор;0.888888888889;0.0;0.415578247447;
обжигать;1.33333333333;0.0;0.178104963192;
обессиленный;0.0;0.377073906486;0.0;
ольгиной;0.0;0.377073906486;0.118736642128;
омывать;0.0;0.377073906486;0.0;
ножичек;0.0;0.754147812971;0.296841605319;
ото;0.0;0.377073906486;0.0593683210639;
отнюдь;0.0;0.377073906486;0.0;
относиться;0.0;0.377073906486;0.178104963192;
отличный;0.0;0.377073906486;0.0;
отливать;0.0;0.377073906486;0.118736642128;
откусывать;0.0;0.377073906486;0.118736642128;
открываться;0.888888888889;0.0;0.0593683210639;
отечественный;0.0;0.377073906486;0.0;
отдыхать;0.0;0.377073906486;0.0;
отделять;0.0;0.377073906486;0.178104963192;
отпивать;0.0;0.377073906486;0.0;
охать;0.444444444444;1.13122171946;1.18736642128;
отъезжающий;1.33333333333;0.0;0.296841605319;
отчего;1.77777777778;0.0;2.07789123724;
отчаянный;0.0;1.13122171946;0.474946568511;
отцовский;0.0;0.377073906486;0.0593683210639;
отходить;0.444444444444;0.377073906486;0.0;
отправлять;0.444444444444;0.754147812971;0.237473284256;
отступать;0.0;0.377073906486;0.0;
отставать;0.444444444444;0.0;0.0;
отряхивать;3.11111111111;0.0;0.237473284256;
отрывать;0.0;0.377073906486;0.118736642128;
отроду;8.88888888889;0.754147812971;3.85894086915;
отравлять;0.888888888889;0.0;0.0;
отдаваться;0.0;0.377073906486;0.0;
отвыкать;0.0;0.377073906486;0.0593683210639;
освобождать;0.0;0.377073906486;0.0;
освежающий;0.888888888889;0.0;0.534314889575;
осваиваться;0.888888888889;0.0;0.0593683210639;
оробеть;0.0;0.377073906486;0.0;
орловский;0.444444444444;1.13122171946;0.356209926383;
орел;0.0;0.377073906486;0.0;
ослаблять;0.444444444444;0.0;0.0;
опыт;0.0;0.377073906486;0.0;
оправляться;0.888888888889;1.88536953243;1.00926145809;
ослеплять;0.444444444444;0.377073906486;0.178104963192;
отвратительный;0.0;0.377073906486;0.0;
отверстие;0.0;0.377073906486;0.0593683210639;
отваливаться;0.0;0.377073906486;0.0593683210639;
отапливать;0.0;0.377073906486;0.178104963192;
осыпаться;0.0;1.50829562594;0.0593683210639;
осточертеть;0.444444444444;0.0;0.118736642128;
остальной;0.444444444444;0.0;0.0593683210639;
особый;0.0;0.377073906486;0.0593683210639;
особливо;0.0;0.377073906486;0.0593683210639;
особенный;0.444444444444;0.377073906486;0.0593683210639;
основание;0.888888888889;0.0;0.178104963192;
осмотр;1.77777777778;0.377073906486;1.66231298979;
осматриваться;0.0;0.377073906486;0.0;
ножик;0.444444444444;0.0;0.0;
напоследок;0.888888888889;0.0;0.356209926383;
напарник;0.444444444444;0.0;1.00926145809;
наносить;0.0;0.377073906486;0.0;
намыливать;0.0;0.754147812971;0.77178817383;
намордник;0.888888888889;0.377073906486;0.237473284256;
намерен;0.444444444444;0.377073906486;0.296841605319;
наматывать;0.444444444444;1.13122171946;0.0;
наличие;0.0;0.377073906486;0.118736642128;
наливка;0.444444444444;0.0;0.0;
налегать;0.444444444444;0.0;0.0;
накаркать;0.444444444444;0.0;0.534314889575;
наказывать;0.0;0.377073906486;0.237473284256;
называться;0.444444444444;0.0;0.118736642128;
наскучивать;0.444444444444;0.0;0.0593683210639;
наталкивать;0.444444444444;0.0;0.0;
настоящий;0.888888888889;0.377073906486;0.77178817383;
наставать;0.444444444444;0.0;0.0;
напротив;0.888888888889;0.0;0.178104963192;
наряд;0.0;0.754147812971;0.0593683210639;
наружность;0.0;0.377073906486;0.0;
народный;0.0;0.377073906486;0.0;
наречие;0.444444444444;0.377073906486;0.356209926383;
наизусть;0.0;0.377073906486;0.0593683210639;
называть;0.444444444444;1.13122171946;0.534314889575;
мудрость;0.888888888889;1.50829562594;1.95915459511;
мысленно;0.0;3.39366515837;0.77178817383;
мушка;0.0;0.377073906486;0.178104963192;
мучиться;1.33333333333;0.0;0.356209926383;
мучительно;0.444444444444;0.0;0.118736642128;
мутно;0.888888888889;0.0;0.0593683210639;
мундштук;0.444444444444;0.0;0.0593683210639;
мука;0.444444444444;0.0;0.415578247447;
мужнин;0.444444444444;0.0;0.0;
мраморный;0.444444444444;0.0;0.0;
мост;0.444444444444;1.88536953243;0.593683210639;
монолог;0.444444444444;0.0;0.118736642128;
назначать;0.0;0.754147812971;0.118736642128;
надя;0.444444444444;0.0;0.0;
надвигаться;0.444444444444;0.0;0.0;
навостриться;0.0;1.13122171946;0.0593683210639;
мякина;0.0;1.88536953243;0.415578247447;
наводнение;0.0;0.377073906486;0.0;
наводить;0.0;1.13122171946;0.0593683210639;
навзничь;0.0;0.754147812971;0.0;
набирать;0.0;1.13122171946;0.0593683210639;
набиваться;0.0;0.377073906486;0.0;
набивать;1.33333333333;0.0;0.0593683210639;
несбыточный;0.0;0.754147812971;0.534314889575;
неприязнь;0.0;0.377073906486;0.0593683210639;
непринужденность;0.444444444444;0.0;0.0;
неприкосновенность;0.444444444444;0.0;0.178104963192;
непосильный;1.33333333333;0.0;0.0;
нестерпимый;0.0;0.377073906486;0.0;
неподвижный;0.0;0.377073906486;0.0593683210639;
непамятливость;0.0;0.377073906486;0.0;
неосуществимый;0.0;0.754147812971;0.0;
неожиданно;0.444444444444;0.0;0.0;
необыкновенный;0.444444444444;0.0;0.0;
несправедливый;0.444444444444;1.13122171946;0.474946568511;
никак;0.0;0.754147812971;0.0;
ничуть;0.444444444444;0.0;0.0;
ничтожный;0.0;0.754147812971;0.0;
ничегошеньки;0.444444444444;0.0;0.178104963192;
ничего;0.444444444444;0.0;0.0;
никудышный;0.444444444444;0.0;0.178104963192;
никуда;0.0;0.377073906486;0.237473284256;
нечестный;1.33333333333;0.0;1.00926145809;
немолодой;0.888888888889;0.377073906486;0.237473284256;
небось;0.0;0.754147812971;0.237473284256;
невозмутимо;0.0;0.377073906486;0.0593683210639;
невмоготу;0.444444444444;0.0;0.0;
невзначай;0.0;0.377073906486;0.0593683210639;
неважный;0.0;0.377073906486;0.0;
небывалый;0.444444444444;0.0;0.0593683210639;
неврастения;4.88888888889;1.13122171946;2.90904773213;
начинивать;0.444444444444;0.0;0.0593683210639;
начальник;1.33333333333;0.0;0.296841605319;
национальный;0.444444444444;1.88536953243;0.118736642128;
нацепить;0.0;0.754147812971;0.0593683210639;
нацарапывать;0.0;1.88536953243;0.118736642128;
находиться;0.0;0.377073906486;0.0;
нахмуриваться;0.0;0.377073906486;0.0;
нафанаил;0.0;0.377073906486;0.0;
научный;0.444444444444;0.377073906486;0.949893137022;
немецкий;0.444444444444;1.88536953243;0.474946568511;
нельзя;0.0;0.377073906486;0.0;
неловкий;0.0;0.754147812971;0.0;
нелепый;0.444444444444;0.0;0.0;
неимоверно;0.0;0.754147812971;0.118736642128;
неимение;0.444444444444;0.0;0.178104963192;
неизъяснимый;0.888888888889;0.754147812971;0.890524815958;
незаметно;0.0;0.377073906486;0.0;
незабываемый;0.444444444444;0.0;0.0;
нежно;0.0;0.377073906486;0.0593683210639;
недра;0.0;0.377073906486;0.296841605319;
недостойный;0.0;0.377073906486;0.0;
недоверчиво;0.444444444444;0.0;0.0;
неделя;1.33333333333;0.377073906486;1.00926145809;
недалеко;0.0;0.377073906486;0.0593683210639;
нед;0.0;0.754147812971;0.118736642128;
негнущийся;0.0;0.377073906486;0.0;
неглупый;0.444444444444;0.0;0.237473284256;
потребовать;0.0;0.377073906486;0.118736642128;
поступать;2.66666666667;0.377073906486;0.890524815958;
построить;1.33333333333;3.77073906486;1.78104963192;
постоянно;0.0;0.377073906486;0.0;
постилать;0.444444444444;0.0;0.118736642128;
постепенно;1.33333333333;0.377073906486;0.237473284256;
посредством;0.444444444444;0.0;0.296841605319;
посоветовать;0.444444444444;0.0;0.0;
последствие;0.888888888889;0.377073906486;0.534314889575;
поскольку;0.0;0.377073906486;0.0;
поскакать;0.0;0.377073906486;0.0;
посетитель;0.0;0.377073906486;0.237473284256;
преданность;0.0;0.377073906486;0.0;
превращать;0.0;0.377073906486;0.0;
праправнук;0.0;0.377073906486;0.0593683210639;
праздный;0.0;0.377073906486;0.0;
праведник;0.0;0.754147812971;0.0;
почтовый;0.444444444444;0.0;0.0;
почтительный;0.444444444444;0.0;0.0;
потягиваться;0.444444444444;0.0;0.0;
починяться;0.444444444444;0.0;0.0593683210639;
поцеловать;0.444444444444;0.0;0.237473284256;
поцаловать;0.444444444444;0.0;0.0;
похороны;0.0;0.377073906486;0.0;
предварительно;0.0;0.377073906486;0.0;
помириться;0.444444444444;0.0;0.0593683210639;
понемножку;0.0;1.13122171946;0.0593683210639;
понедельник;0.0;0.377073906486;0.0;
помыть;0.0;0.377073906486;0.0;
помощник;0.0;0.377073906486;0.0;
понятно;0.444444444444;0.0;0.0593683210639;
помешать;0.0;0.754147812971;0.0593683210639;
поместительный;0.0;0.377073906486;0.0;
поля;0.888888888889;0.0;0.178104963192;
поселяться;0.444444444444;0.0;0.237473284256;
посвящать;0.444444444444;0.0;0.118736642128;
порывистый;0.444444444444;0.0;0.118736642128;
поручик;0.0;0.377073906486;0.0;
поручение;0.444444444444;0.0;0.0;
порошок;0.0;1.13122171946;0.0;
порок;0.0;0.754147812971;0.0;
порог;0.0;0.377073906486;0.0;
поражать;0.0;0.377073906486;0.0;
попытаться;0.0;0.377073906486;0.0;
попутно;4.0;2.6395173454;3.50273094277;
попугай;0.0;0.377073906486;0.0593683210639;
попробовать;1.77777777778;3.77073906486;2.49346948468;
предательство;0.888888888889;1.13122171946;0.949893137022;
полушампанское;0.444444444444;0.0;0.0;
притаскивать;0.0;0.377073906486;0.178104963192;
пристально;0.0;0.377073906486;0.0;
пристав;0.444444444444;0.0;0.0;
присовокуплять;0.444444444444;0.0;0.593683210639;
прислушиваться;0.444444444444;0.0;0.356209926383;
приседать;0.444444444444;0.377073906486;0.118736642128;
приподымать;0.0;0.377073906486;0.0;
притом;0.0;0.377073906486;0.0593683210639;
приподнятый;0.0;0.377073906486;0.0;
припадок;1.77777777778;0.377073906486;0.0593683210639;
приносить;0.0;0.754147812971;0.0593683210639;
принижать;0.0;0.377073906486;0.178104963192;
принадлежать;0.444444444444;1.50829562594;0.296841605319;
примолкать;0.0;0.377073906486;0.356209926383;
приуныть;1.77777777778;1.50829562594;1.06862977915;
приключение;0.444444444444;1.13122171946;0.0;
продолжаться;0.0;0.377073906486;0.0;
продержать;0.444444444444;0.0;0.0;
прогулка;0.0;0.377073906486;0.0;
программа;0.0;1.88536953243;0.0593683210639;
провожать;0.0;0.377073906486;0.0;
проводить;0.444444444444;0.0;0.0;
проверять;0.0;0.377073906486;0.474946568511;
пробка;0.0;2.26244343891;0.0;
приятностия;8.0;6.03318250377;11.4580859653;
причина;0.888888888889;0.0;0.415578247447;
прилипать;0.444444444444;0.754147812971;0.653051531703;
приклеивать;0.444444444444;0.377073906486;0.356209926383;
предлагать;0.0;0.377073906486;0.118736642128;
прежнему;0.0;0.377073906486;0.0;
прерывать;1.33333333333;0.0;0.0593683210639;
препираться;0.0;0.754147812971;0.0;
препирательство;0.0;0.377073906486;0.0;
пренебрегать;0.444444444444;1.13122171946;0.237473284256;
прекращаться;1.33333333333;1.50829562594;2.49346948468;
презабавный;0.0;0.377073906486;0.0;
претензия;0.0;0.377073906486;0.0;
предшественник;0.0;0.377073906486;0.0;
предчявлять;0.444444444444;0.0;0.0593683210639;
предстоящий;0.0;0.377073906486;0.0593683210639;
представитель;0.0;0.377073906486;0.0;
предотвращать;1.77777777778;0.0;0.0;
предназначение;0.0;0.377073906486;0.0593683210639;
предмет;0.888888888889;0.0;0.0593683210639;
предложение;0.0;0.377073906486;0.415578247447;
преступление;0.0;0.377073906486;0.178104963192;
прикасаться;3.11111111111;0.754147812971;2.61220612681;
призыв;0.0;0.377073906486;0.0593683210639;
признание;0.888888888889;1.13122171946;0.593683210639;
призадумываться;0.444444444444;0.0;0.890524815958;
придерживать;0.0;0.377073906486;0.0;
приглаживать;0.0;0.377073906486;0.0;
пригибаться;0.0;0.377073906486;0.0;
привлекать;0.0;0.377073906486;0.0;
приветствовать;0.0;0.377073906486;0.0;
прибывать;0.444444444444;0.0;0.0;
прибрежный;0.444444444444;0.0;0.534314889575;
прибирать;0.888888888889;0.0;0.0;
прибивать;0.444444444444;0.0;0.0;
прибавляться;0.0;0.377073906486;0.0;
получение;0.0;0.377073906486;1.4842080266;
ошалевать;0.444444444444;0.0;0.0593683210639;
пирожный;0.444444444444;0.0;0.0593683210639;
пирожное;0.0;0.377073906486;0.0593683210639;
пир;0.0;0.377073906486;0.0;
пилюля;0.0;0.377073906486;0.0;
пиджак;0.0;0.377073906486;0.0;
пивной;0.0;0.377073906486;0.0593683210639;
печник;0.444444444444;0.0;0.0593683210639;
петь;0.0;0.377073906486;0.237473284256;
петух;0.444444444444;0.0;0.0;
переставать;0.444444444444;0.0;0.0593683210639;
переспелый;0.0;0.377073906486;0.0;
переселять;0.0;0.377073906486;0.118736642128;
перерыв;0.0;0.377073906486;0.0;
перепугаться;3.11111111111;0.754147812971;1.78104963192;
писатель;0.0;1.13122171946;0.0593683210639;
пискнуть;0.0;0.377073906486;0.0;
повадка;3.11111111111;1.50829562594;1.78104963192;
побояться;0.0;0.377073906486;0.237473284256;
победа;0.444444444444;0.0;0.0593683210639;
плюхнуться;0.444444444444;0.377073906486;0.296841605319;
площадь;0.0;0.377073906486;0.0;
письмо;0.444444444444;0.0;0.118736642128;
плита;0.0;0.377073906486;0.0593683210639;
племянница;0.0;0.754147812971;0.0;
платформа;0.0;0.377073906486;0.0;
платеж;0.444444444444;0.0;0.0593683210639;
пластилин;0.444444444444;0.0;0.0;
пламень;3.55555555556;0.377073906486;1.00926145809;
перепивать;0.0;0.377073906486;0.0;
поведение;0.444444444444;0.0;0.178104963192;
паровоз;0.888888888889;0.377073906486;0.178104963192;
пашня;0.0;0.377073906486;0.0;
пах;0.888888888889;0.0;0.593683210639;
паучок;0.0;0.377073906486;0.118736642128;
паук;0.0;0.377073906486;0.0;
патентованный;0.444444444444;0.0;0.0;
паркет;0.444444444444;0.0;0.178104963192;
паралич;0.888888888889;0.0;0.0593683210639;
парализис;0.0;0.377073906486;0.0593683210639;
панфилыч;0.444444444444;0.0;0.0;
пейзаж;0.0;0.754147812971;0.356209926383;
переносить;1.77777777778;0.0;0.712419852767;
перемена;1.33333333333;0.0;0.415578247447;
перелагать;0.888888888889;0.0;0.237473284256;
перекусить;2.22222222222;4.52488687783;2.43410116362;
перекрещивать;0.0;0.377073906486;0.0;
перезнакомиться;2.66666666667;0.0;0.356209926383;
переезжать;0.888888888889;0.0;0.0;
передвижение;0.0;0.377073906486;0.0;
пениться;0.444444444444;0.0;0.0;
перевозить;0.444444444444;0.0;0.0593683210639;
переводить;0.444444444444;0.0;0.415578247447;
первопроходец;0.444444444444;0.754147812971;0.415578247447;
повалиться;0.444444444444;0.0;0.0;
поведывать;0.444444444444;0.0;0.178104963192;
пожимать;5.33333333333;1.13122171946;0.831156494894;
покачать;0.444444444444;0.0;0.0593683210639;
поймать;0.0;0.377073906486;0.178104963192;
познакомиться;0.444444444444;0.0;0.178104963192;
познакомить;0.444444444444;0.0;0.0;
позвоночник;0.0;0.377073906486;0.0;
пожарный;0.888888888889;0.0;0.296841605319;
пожар;0.0;0.377073906486;0.0;
поезд;0.0;0.377073906486;0.0;
подушка;0.0;0.377073906486;0.0593683210639;
подумывать;0.0;0.754147812971;0.0;
покойницкая;0.444444444444;0.0;0.178104963192;
поколение;0.0;5.65610859729;0.0593683210639;
полуспущенный;0.444444444444;0.0;0.0;
полотно;0.444444444444;0.0;0.0593683210639;
полотенце;0.0;0.377073906486;0.178104963192;
полосатый;0.444444444444;0.0;0.0;
положение;1.33333333333;0.0;0.534314889575;
полнолуние;0.444444444444;0.0;0.0593683210639;
покорно;0.0;0.377073906486;0.0593683210639;
политический;0.444444444444;0.0;0.0;
полено;0.444444444444;0.377073906486;0.178104963192;
полагаться;0.0;0.377073906486;0.0;
покров;0.444444444444;0.0;0.0593683210639;
поговаривать;0.0;0.377073906486;0.0593683210639;
подвергать;0.0;1.88536953243;0.653051531703;
подбор;0.0;0.377073906486;0.0;
погулять;0.444444444444;0.0;0.296841605319;
погружать;0.444444444444;0.0;0.0593683210639;
поглядеть;0.444444444444;0.0;0.237473284256;
подвигать;0.444444444444;0.0;0.178104963192;
погибать;0.0;0.377073906486;0.0;
повесить;0.0;0.377073906486;0.0;
повертывать;0.0;0.377073906486;0.0;
подвешивать;2.22222222222;0.0;0.356209926383;
подозревать;0.0;0.377073906486;0.118736642128;
подсовывать;0.444444444444;0.0;0.0;
подруга;0.0;1.13122171946;0.0;
подробность;0.0;0.377073906486;0.0;
подраться;0.0;0.754147812971;0.0;
подпись;0.0;0.377073906486;0.0;
подолгу;0.0;0.377073906486;0.0;
подобие;0.0;0.377073906486;0.0;
подмастерье;0.444444444444;0.0;0.356209926383;
подействовать;0.0;0.377073906486;0.356209926383;
